Starting job TTV_MCMC
Tue May 17 12:45:57 EDT 2022
Job id: 36328947.torque01.util.production.int.aci.ics.psu.edu
 
Changing into /storage/work/n/nxt5197/577_exoplanets
 
Executing script...
 
Tue May 17 12:45:59 EDT 2022
 

Trial 0 acceptance fraction:	30.00%

Masses: [4.9        4.8037133  4.8037133  4.84458178 4.84496146 4.84496146
 4.83815195 4.83815195 4.83815195 4.83815195 4.83830534 4.88564452
 4.88564452 4.88564452 4.88564452 4.88564452 4.85850747 4.81315889
 4.84702728 4.84702728 4.83383288 4.81850429 4.83884804 4.8524852
 4.88318456 4.87912401 4.87912401 4.81204849 4.8464068  4.8464068
 4.8464068  4.8464068  4.8464068  4.8464068  4.8464068  4.8464068
 4.8464068  4.8464068  4.8464068  4.8464068  4.8464068  4.8464068
 4.87007393 4.87007393 4.87007393 4.87007393 4.87007393 4.87007393
 4.8848284  4.8848284  4.8848284  4.8848284  4.8848284  4.8848284
 4.8742923  4.85095223 4.85095223 4.86534035 4.86534035 4.86534035
 4.86534035 4.85782408 4.85782408 4.85782408 4.85782408 4.85320604
 4.85320604 4.85320604 4.80623283 4.88562762 4.88562762 4.88562762
 4.872016   4.82106989 4.82106989 4.82106989 4.81816477 4.82315672
 4.82315672 4.82315672 4.85492035 4.85492035 4.86176938 4.86176938
 4.84767765 4.84767765 4.84767765 4.84767765 4.84767765 4.85892507
 4.85892507 4.85892507 4.84602039 4.84602039 4.84602039 4.84602039
 4.84602039 4.84602039 4.84602039 4.84602039 4.84602039 4.84602039
 4.84602039 4.84801858 4.84801858 4.8236716  4.8414348  4.86583593
 4.86583593 4.86583593 4.86583593 4.86583593 4.86583593 4.86583593
 4.86583593 4.86583593 4.86604681 4.86604681 4.86604681 4.8651506
 4.8651506  4.8651506  4.8651506  4.8651506  4.8651506  4.8651506
 4.86214229 4.86214229 4.86423787 4.84498412 4.84498412 4.86824217
 4.86824217 4.86824217 4.87759178 4.87759178 4.87759178 4.87759178
 4.87759178 4.87759178 4.87759178 4.84765818 4.84765818 4.84765818
 4.81689102 4.81689102 4.81689102 4.81689102 4.84752349 4.83726222
 4.80187097 4.80187097 4.80187097 4.80187097 4.86615049 4.82714031
 4.83344832 4.83344832 4.83344832 4.83344832 4.83344832 4.81464909
 4.86024539 4.86024539 4.86024539 4.86024539 4.86024539 4.86024539
 4.8669635  4.87173507 4.87173507 4.87173507 4.87173507 4.87173507
 4.85575406 4.8190292  4.8190292  4.8190292  4.8190292  4.8190292
 4.8190292  4.8190292  4.8190292  4.8190292  4.88256213 4.88256213
 4.88256213 4.88256213 4.88256213 4.88256213 4.88256213 4.88256213
 4.88256213 4.87344559 4.87344559 4.84628082 4.84628082 4.84628082
 4.84628082 4.84628082 4.84628082 4.84628082 4.84628082 4.84951144
 4.84951144 4.84951144 4.84916099 4.84916099 4.84916099 4.88999635
 4.88999635 4.83905837 4.83905837 4.89444052 4.89444052 4.89444052
 4.86794861 4.8490374  4.8490374  4.85667282 4.83469027 4.85768791
 4.85768791 4.85768791 4.85768791 4.85768791 4.85768791 4.84301197
 4.86017063 4.86017063 4.86017063 4.86017063 4.86017063 4.86017063
 4.86017063 4.86017063 4.86017063 4.86017063 4.86017063 4.84980389
 4.83853231 4.83853231 4.83853231 4.83853231 4.83853231 4.83853231
 4.83853231 4.86538547 4.86538547 4.86538547 4.86538547 4.86538547
 4.86538547 4.86538547 4.83952954 4.83952954 4.83952954 4.8575422
 4.8575422  4.8575422  4.8575422  4.8575422  4.86157932 4.85515238
 4.84221881 4.84221881 4.84221881 4.84221881 4.84221881 4.8198627
 4.8198627  4.89131845 4.81604988 4.81604988 4.81604988 4.81604988
 4.81604988 4.84699384 4.8604513  4.85532205 4.85532205 4.85532205
 4.85532205 4.85532205 4.85532205 4.85532205 4.85532205 4.85532205
 4.88983808 4.88983808 4.85907144 4.87331073 4.87331073 4.87331073
 4.87331073 4.82024538 4.82024538 4.86404951 4.86404951 4.82309813
 4.82309813 4.82309813 4.82309813 4.84243321 4.84243321 4.84243321
 4.84243321 4.84243321 4.84243321 4.84408081 4.84408081 4.84772884
 4.84772884 4.84772884 4.84772884 4.84772884 4.84772884 4.84772884
 4.86549253 4.84253495 4.84253495 4.80546541 4.88985126 4.88985126
 4.88985126 4.84441121 4.84441121 4.84441121 4.86461764 4.85685791
 4.85685791 4.85685791 4.85685791 4.85685791 4.88743774 4.88743774
 4.88743774 4.88743774 4.88743774 4.84261199 4.88446382 4.88446382
 4.88446382 4.88446382 4.88446382 4.87894794 4.86349728 4.86349728
 4.86349728 4.86349728 4.86349728 4.86349728 4.82476289 4.82476289
 4.82476289 4.82476289 4.85534213 4.85534213 4.84137519 4.84137519
 4.85683219 4.85683219 4.85683219 4.85683219 4.85683219 4.85683219
 4.85683219 4.85683219 4.84077461 4.84077461 4.87878488 4.87878488
 4.82751138 4.83790671 4.83790671 4.88126923 4.88126923 4.88126923
 4.88126923 4.81885235 4.81885235 4.81885235 4.81885235 4.82506577
 4.82506577 4.86212663 4.86212663 4.86212663 4.86212663 4.86212663
 4.86212663 4.86212663 4.86212663 4.86212663 4.86212663 4.86212663
 4.86212663 4.86212663 4.86212663 4.86212663 4.86212663 4.86212663
 4.86212663 4.85094743 4.85094743 4.85094743 4.85236497 4.8834923
 4.8834923  4.8834923  4.8834923  4.8834923  4.8834923  4.82702463
 4.81620248 4.81342202 4.80726333 4.80726333 4.80726333 4.85899888
 4.82293802 4.82293802 4.82293802 4.82293802 4.84976856 4.85789138
 4.85789138 4.85789138 4.85789138 4.83579892 4.84554416 4.84554416
 4.84554416 4.84554416 4.84554416 4.84554416 4.84554416 4.84554416
 4.83230051 4.83230051 4.85193502 4.85193502 4.85193502 4.85193502
 4.85193502 4.85193502 4.85193502 4.8637634  4.90692058 4.82776057
 4.86234375 4.86234375 4.86234375 4.86234375 4.86234375 4.86234375
 4.87055639 4.87055639 4.87055639 4.86802991 4.86802991 4.86802991
 4.86802991 4.86802991 4.86802991 4.86802991 4.86802991 4.86802991
 4.86802991 4.86802991 4.86802991 4.89143124 4.88376172 4.88376172
 4.88376172 4.87900907 4.87900907 4.87900907 4.87900907 4.87900907
 4.8731118  4.8731118  4.8008798  4.83045312 4.83045312 4.81916413
 4.8331497  4.8331497  4.84720139 4.89420322 4.87315228 4.87315228
 4.88633245 4.88633245 4.88633245 4.88633245 4.82418639 4.83306234
 4.83306234 4.83306234 4.83306234 4.84427546 4.84427546 4.84427546
 4.84427546 4.84427546 4.84427546 4.84427546 4.84427546 4.84427546
 4.84427546 4.84427546 4.84427546 4.84427546 4.84427546 4.84427546
 4.84427546 4.82597902 4.82597902 4.87917521 4.88800667 4.83958072
 4.83958072 4.83958072 4.83958072 4.83958072 4.85349801 4.85349801
 4.85349801 4.85349801 4.85349801 4.85349801 4.84454933 4.84454933
 4.84454933 4.84454933 4.84454933 4.84593055 4.85907852 4.85907852
 4.85907852 4.85907852 4.8455812  4.8455812  4.8455812  4.8455812
 4.8455812  4.8455812  4.8455812  4.8455812  4.86472458 4.85768316
 4.85768316 4.85768316 4.85768316 4.83779914 4.83779914 4.83779914
 4.83779914 4.85182139 4.85182139 4.85182139 4.85182139 4.85182139
 4.85182139 4.81670874 4.85239615 4.85239615 4.85239615 4.85239615
 4.85239615 4.87253462 4.82873589 4.82873589 4.82873589 4.82873589
 4.86750024 4.86750024 4.84442738 4.84442738 4.83280451 4.83280451
 4.83280451 4.83280451 4.83280451 4.83280451 4.90073699 4.87693071
 4.86866987 4.86866987 4.86866987 4.81737962 4.81737962 4.81737962
 4.81737962 4.86677819 4.86677819 4.89502383 4.89502383 4.89502383
 4.89502383 4.89502383 4.89502383 4.89932612 4.82155653 4.82155653
 4.85912932 4.85912932 4.85912932 4.85912932 4.83084715 4.83084715
 4.84338501 4.84338501 4.84338501 4.84338501 4.84338501 4.84338501
 4.89097681 4.89097681 4.89097681 4.81881787 4.81881787 4.85710139
 4.8910027  4.8910027  4.8910027  4.8910027  4.8910027  4.8910027
 4.8910027  4.8910027  4.90522175 4.81532977 4.82815915 4.82699982
 4.82312773 4.82312773 4.82312773 4.82312773 4.82312773 4.83454881
 4.83454881 4.83454881 4.83454881 4.83454881 4.83454881 4.83454881
 4.85001166 4.85001166 4.85001166 4.85001166 4.85001166 4.85001166
 4.85001166 4.85001166 4.866444   4.84295396 4.83386717 4.83386717
 4.83386717 4.83386717 4.83386717 4.83386717 4.83386717 4.82219418
 4.82219418 4.82219418 4.82219418 4.82219418 4.82219418 4.82219418
 4.82219418 4.84031451 4.83546477 4.83546477 4.83546477 4.83546477
 4.83546477 4.84175241 4.84175241 4.84175241 4.84175241 4.84175241
 4.84175241 4.84175241 4.84175241 4.84175241 4.87253455 4.87253455
 4.84095008 4.84095008 4.83808515 4.83808515 4.83808515 4.83808515
 4.84210439 4.84210439 4.85195194 4.85195194 4.85195194 4.85195194
 4.90182428 4.90182428 4.89067603 4.89067603 4.88338575 4.8485036
 4.8485036  4.84835839 4.84835839 4.81488803 4.89389425 4.89389425
 4.89389425 4.89389425 4.89389425 4.87747339 4.87747339 4.87747339
 4.80340985 4.82398797 4.82398797 4.8223341  4.8223341  4.85002766
 4.85002766 4.85002766 4.81324586 4.81324586 4.82191541 4.82191541
 4.82191541 4.82191541 4.8609724  4.8609724  4.8609724  4.84208251
 4.84208251 4.84208251 4.84208251 4.84208251 4.84208251 4.84208251
 4.84208251 4.84208251 4.84208251 4.84208251 4.84208251 4.84208251
 4.84208251 4.84208251 4.81040883 4.81040883 4.81040883 4.81040883
 4.81040883 4.81040883 4.81040883 4.81040883 4.81040883 4.81040883
 4.81040883 4.82652562 4.82652562 4.82652562 4.88502558 4.88502558
 4.89358162 4.89358162 4.89358162 4.86072147 4.86072147 4.77837735
 4.77837735 4.82796995 4.82796995 4.82796995 4.82796995 4.82796995
 4.82796995 4.82796995 4.88429493 4.84771657 4.82833068 4.82833068
 4.81967848 4.83792597 4.83792597 4.83792597 4.83792597 4.83792597
 4.83792597 4.83792597 4.83792597 4.85774008 4.85774008 4.85492421
 4.85492421 4.88995535 4.88995535 4.88131652 4.88131652 4.88131652
 4.88131652 4.88131652 4.83218869 4.83218869 4.83218869 4.84518968
 4.84518968 4.84518968 4.84518968 4.84518968 4.86439748 4.86439748
 4.86439748 4.86439748 4.83215172 4.83215172 4.87104102 4.87104102
 4.87104102 4.87104102 4.84439436 4.82118585 4.87438479 4.87438479
 4.87438479 4.87353677 4.87353677 4.81211183 4.82371114 4.82371114
 4.8706173  4.8706173  4.8706173  4.8706173  4.8706173  4.8706173
 4.8706173  4.8706173  4.8706173  4.8706173  4.8706173  4.85855945
 4.85855945 4.85855945 4.85855945 4.85855945 4.85855945 4.85855945
 4.85855945 4.85855945 4.85855945 4.85855945 4.85855945 4.85855945
 4.85855945 4.85855945 4.82221495 4.86696785 4.84989819 4.84916342
 4.85960178 4.85960178 4.85177962 4.85177962 4.85177962 4.85177962
 4.88358203 4.8310774  4.8310774  4.8310774  4.8774687  4.8774687
 4.8774687  4.8774687  4.86128958 4.86128958 4.86128958 4.86128958
 4.86128958 4.86128958 4.86128958 4.86128958 4.83788895 4.86471088
 4.86471088 4.86142537 4.86142537 4.86679303 4.82077987 4.82077987
 4.82077987 4.82077987 4.82077987 4.82652434 4.82652434 4.82652434
 4.82652434 4.83980341 4.83980341 4.83980341 4.83980341 4.83980341
 4.86572441 4.86572441 4.8390909  4.8390909  4.8390909  4.8390909
 4.87557866 4.87557866 4.87557866 4.87557866 4.87557866 4.83078692
 4.83078692 4.83078692 4.83078692 4.83078692 4.83078692 4.83078692
 4.83078692 4.83078692 4.83284293 4.83284293 4.83284293 4.83284293
 4.85984287 4.85149983 4.85149983 4.85149983 4.85149983 4.85149983
 4.84270997 4.88080675 4.88080675 4.88080675 4.88080675 4.84763451
 4.84763451 4.84763451 4.84763451 4.84763451 4.8381016  4.8381016
 4.8381016  4.8381016  4.8381016  4.8381016  4.84703774 4.84703774
 4.84703774 4.84703774 4.84703774 4.84703774 4.84703774 4.84703774
 4.84703774 4.82269994 4.79545796 4.79184458 4.79184458 4.79184458
 4.85242911 4.89622352 4.89622352 4.89622352 4.83112231 4.83112231
 4.83112231 4.86024911 4.86024911 4.86210104 4.86210104 4.82517876
 4.85508995 4.85508995 4.81025039 4.88051322 4.88051322 4.88051322
 4.88051322 4.88051322 4.88051322 4.88051322 4.88051322 4.88051322
 4.88051322 4.82227514 4.82227514 4.82227514 4.82227514 4.82227514
 4.82227514 4.83363646 4.83363646 4.83363646]


Trial 1 acceptance fraction:	26.60%

Masses: [4.9        4.9        4.87187427 4.87187427 4.88653158 4.88653158
 4.88653158 4.83693256 4.84279333 4.87018761 4.87018761 4.80058325
 4.80058325 4.80058325 4.88093721 4.88093721 4.88093721 4.88093721
 4.88093721 4.88093721 4.88093721 4.88093721 4.88093721 4.88093721
 4.88093721 4.88093721 4.88093721 4.88093721 4.83324521 4.83324521
 4.84922655 4.84922655 4.86935681 4.90966092 4.91731289 4.81816066
 4.84735886 4.84735886 4.84735886 4.84735886 4.84735886 4.85556225
 4.85556225 4.85556225 4.84390409 4.83476872 4.83476872 4.83846171
 4.83846171 4.83846171 4.83846171 4.83846171 4.8473334  4.8473334
 4.86751825 4.86751825 4.86751825 4.86751825 4.86751825 4.86751825
 4.84062222 4.84062222 4.84062222 4.84062222 4.84062222 4.84062222
 4.84062222 4.84062222 4.84062222 4.84062222 4.81658071 4.81658071
 4.81658071 4.85949655 4.85949655 4.85949655 4.83433968 4.83433968
 4.83244238 4.8641318  4.8641318  4.8641318  4.83231181 4.83231181
 4.83231181 4.83231181 4.83231181 4.83231181 4.83231181 4.83231181
 4.83231181 4.87336959 4.87336959 4.87619627 4.87619627 4.87619627
 4.87619627 4.87619627 4.87619627 4.87619627 4.87619627 4.87619627
 4.87619627 4.85940133 4.85940133 4.85940133 4.8717915  4.86720386
 4.86720386 4.83083627 4.83083627 4.83083627 4.83083627 4.83083627
 4.83083627 4.82352587 4.81443611 4.84533305 4.82366799 4.82366799
 4.84580953 4.84580953 4.84580953 4.87252836 4.83595234 4.83595234
 4.87494186 4.87494186 4.87494186 4.87494186 4.87494186 4.87494186
 4.87494186 4.87494186 4.87494186 4.87667923 4.86555096 4.85716161
 4.85716161 4.85716161 4.85716161 4.85716161 4.90654635 4.84206298
 4.84206298 4.84206298 4.80204121 4.78552445 4.83955967 4.83955967
 4.83955967 4.83955967 4.83955967 4.82533071 4.82533071 4.82533071
 4.82533071 4.82533071 4.89322538 4.8491263  4.84504269 4.84504269
 4.82683738 4.82683738 4.82683738 4.82683738 4.82683738 4.82683738
 4.82683738 4.86626337 4.86626337 4.86626337 4.86626337 4.86626337
 4.86626337 4.86626337 4.84075019 4.84075019 4.84075019 4.84075019
 4.88412438 4.88412438 4.80805849 4.80805849 4.79770976 4.88891098
 4.88891098 4.81977109 4.81977109 4.86981486 4.8499988  4.8499988
 4.8499988  4.8499988  4.8499988  4.8499988  4.8499988  4.8499988
 4.8499988  4.8499988  4.8499988  4.87930291 4.87930291 4.87930291
 4.88168663 4.88168663 4.8604598  4.86047022 4.86047022 4.86047022
 4.86047022 4.86047022 4.86047022 4.86047022 4.86047022 4.86047022
 4.86047022 4.85456866 4.85456866 4.85456866 4.85456866 4.85456866
 4.85456866 4.85456866 4.85456866 4.85456866 4.85456866 4.85456866
 4.85456866 4.84060943 4.84060943 4.79628148 4.79628148 4.79628148
 4.79628148 4.79628148 4.81756866 4.89005611 4.89005611 4.89005611
 4.86316934 4.86316934 4.86316934 4.86316934 4.86316934 4.86316934
 4.86316934 4.86316934 4.86316934 4.86316934 4.86316934 4.84997643
 4.84997643 4.84997643 4.84997643 4.84997643 4.84997643 4.84997643
 4.84997643 4.84997643 4.84997643 4.83517019 4.85616307 4.85616307
 4.85616307 4.85616307 4.85390743 4.88005965 4.88005965 4.88005965
 4.88005965 4.88005965 4.88005965 4.88005965 4.88005965 4.85953068
 4.85953068 4.85953068 4.85953068 4.85953068 4.85953068 4.83340102
 4.83340102 4.83340102 4.83340102 4.83340102 4.84165435 4.84165435
 4.84165435 4.84165435 4.84165435 4.84165435 4.84165435 4.81173951
 4.81173951 4.81173951 4.81173951 4.81173951 4.83324873 4.83324873
 4.851791   4.851791   4.851791   4.851791   4.851791   4.851791
 4.851791   4.851791   4.851791   4.851791   4.851791   4.851791
 4.851791   4.851791   4.851791   4.851791   4.851791   4.851791
 4.851791   4.87669559 4.87669559 4.87669559 4.87669559 4.87669559
 4.87669559 4.87669559 4.81759736 4.81759736 4.87067738 4.87067738
 4.87067738 4.87067738 4.87067738 4.87067738 4.87067738 4.87067738
 4.86853641 4.86853641 4.85605238 4.85605238 4.85605238 4.85605238
 4.84783573 4.84783573 4.84783573 4.84783573 4.84783573 4.84783573
 4.87318256 4.87318256 4.87318256 4.82880281 4.82880281 4.82880281
 4.82880281 4.82880281 4.84585678 4.84585678 4.81906699 4.81906699
 4.86531891 4.86531891 4.86531891 4.86531891 4.86531891 4.86531891
 4.86531891 4.86326051 4.86326051 4.86326051 4.86326051 4.86326051
 4.86326051 4.86326051 4.86326051 4.86326051 4.84797046 4.84797046
 4.84797046 4.83782784 4.85581949 4.85581949 4.82961417 4.82961417
 4.82961417 4.82961417 4.82961417 4.82961417 4.82961417 4.82961417
 4.82961417 4.82961417 4.82961417 4.8476166  4.8476166  4.8476166
 4.8476166  4.85341725 4.85341725 4.85341725 4.83412175 4.83412175
 4.88504155 4.88504155 4.84417957 4.8333304  4.8333304  4.80940649
 4.81836036 4.81836036 4.87449016 4.87449016 4.87449016 4.84912482
 4.89715482 4.89715482 4.89715482 4.89715482 4.89715482 4.89715482
 4.89715482 4.89715482 4.89715482 4.87660118 4.87660118 4.87660118
 4.87660118 4.87660118 4.85768826 4.85768826 4.85768826 4.84407513
 4.85593647 4.85593647 4.85593647 4.84004188 4.84004188 4.84004188
 4.79479942 4.838759   4.838759   4.80895612 4.83154197 4.83154197
 4.83154197 4.83154197 4.83154197 4.83154197 4.83154197 4.83154197
 4.83154197 4.82578212 4.86755398 4.86755398 4.86755398 4.86755398
 4.86755398 4.86755398 4.8184202  4.8184202  4.8184202  4.8184202
 4.8184202  4.8184202  4.8184202  4.8184202  4.8184202  4.8184202
 4.8184202  4.8184202  4.8184202  4.8184202  4.8184202  4.82081159
 4.82081159 4.82081159 4.83315282 4.83315282 4.83315282 4.83315282
 4.83315282 4.83315282 4.87441712 4.87441712 4.87441712 4.86838496
 4.86838496 4.86838496 4.86838496 4.86838496 4.86098808 4.86098808
 4.86098808 4.86098808 4.86098808 4.86098808 4.86098808 4.86098808
 4.86098808 4.86098808 4.86098808 4.86098808 4.86098808 4.86098808
 4.86098808 4.85471273 4.87384193 4.87384193 4.84186374 4.87806389
 4.87818697 4.88052727 4.88052727 4.88052727 4.81842949 4.81842949
 4.80519077 4.80519077 4.80519077 4.80519077 4.81010367 4.81010367
 4.81010367 4.81010367 4.81010367 4.81010367 4.88034667 4.88648172
 4.88648172 4.88648172 4.88648172 4.88728095 4.88728095 4.88728095
 4.88728095 4.88728095 4.88728095 4.88173164 4.88173164 4.88173164
 4.88173164 4.88173164 4.88173164 4.85653398 4.85653398 4.83253473
 4.83253473 4.83253473 4.83253473 4.83253473 4.83253473 4.83253473
 4.83253473 4.84304531 4.84304531 4.84304531 4.83387575 4.83387575
 4.83387575 4.83387575 4.87515961 4.87515961 4.87515961 4.8579075
 4.8579075  4.8579075  4.8579075  4.8579075  4.8579075  4.84288166
 4.84288166 4.84288166 4.84288166 4.84288166 4.89682526 4.80497693
 4.88218662 4.87106945 4.87106945 4.87106945 4.87106945 4.84872419
 4.84872419 4.84872419 4.84872419 4.84872419 4.84872419 4.86593024
 4.86593024 4.85190364 4.85190364 4.85190364 4.85190364 4.85190364
 4.85190364 4.85190364 4.87965478 4.87965478 4.87965478 4.85705201
 4.85550001 4.85550001 4.85550001 4.85550001 4.90458068 4.90458068
 4.90458068 4.90759715 4.90759715 4.90759715 4.90759715 4.90759715
 4.79539129 4.79539129 4.79539129 4.79539129 4.8140379  4.8140379
 4.8140379  4.86457188 4.86457188 4.86457188 4.86457188 4.86457188
 4.86457188 4.86457188 4.86457188 4.86457188 4.86457188 4.86457188
 4.86457188 4.86457188 4.86457188 4.86457188 4.86457188 4.86457188
 4.82892593 4.83172128 4.83172128 4.83259823 4.83259823 4.83259823
 4.83259823 4.83259823 4.83259823 4.83259823 4.83259823 4.83259823
 4.83259823 4.83259823 4.87870647 4.87870647 4.89309025 4.89309025
 4.89309025 4.89309025 4.83895342 4.83895342 4.87912744 4.88115892
 4.88115892 4.83854206 4.83854206 4.83854206 4.83854206 4.82727529
 4.82727529 4.82727529 4.89146014 4.89146014 4.84983872 4.84983872
 4.84983872 4.84983872 4.84983872 4.84983872 4.84983872 4.84983872
 4.84983872 4.84983872 4.84983872 4.84983872 4.83484115 4.83484115
 4.83484115 4.83484115 4.83484115 4.83484115 4.83891443 4.82711005
 4.84253808 4.84253808 4.84324507 4.84324507 4.84324507 4.84324507
 4.84324507 4.84324507 4.84324507 4.87142212 4.87142212 4.87142212
 4.87142212 4.91087109 4.91087109 4.91087109 4.91087109 4.91087109
 4.83125489 4.83125489 4.83125489 4.83125489 4.85811868 4.88221859
 4.88221859 4.88221859 4.88508831 4.88508831 4.84335166 4.84335166
 4.84232707 4.85794467 4.85794467 4.85794467 4.85794467 4.87213696
 4.87213696 4.87213696 4.87213696 4.81339018 4.83879765 4.83879765
 4.82248632 4.82248632 4.84450593 4.84450593 4.84450593 4.89959675
 4.84148129 4.84148129 4.84148129 4.84148129 4.84148129 4.84148129
 4.85610121 4.85610121 4.85610121 4.85610121 4.85610121 4.8358651
 4.8358651  4.88040246 4.88040246 4.88040246 4.88040246 4.88040246
 4.88040246 4.84103192 4.84103192 4.8123176  4.8123176  4.8750714
 4.8750714  4.8750714  4.8750714  4.8750714  4.8750714  4.8750714
 4.8750714  4.8750714  4.81353232 4.82771294 4.80632766 4.80632766
 4.90216358 4.87618082 4.87618082 4.87618082 4.87618082 4.87618082
 4.87618082 4.87618082 4.87618082 4.87618082 4.87618082 4.87618082
 4.87618082 4.86037515 4.86037515 4.86037515 4.86576338 4.89411105
 4.89411105 4.89411105 4.89411105 4.89411105 4.88427297 4.88427297
 4.86383051 4.86383051 4.86383051 4.86383051 4.86383051 4.86383051
 4.86383051 4.86383051 4.86383051 4.86383051 4.80001045 4.90255326
 4.90255326 4.79179083 4.88888828 4.88888828 4.88888828 4.86170337
 4.86079893 4.86079893 4.86079893 4.86079893 4.86079893 4.86079893
 4.86079893 4.86079893 4.84592052 4.84592052 4.84592052 4.84592052
 4.84592052 4.84592052 4.84592052 4.86219298 4.86219298 4.86219298
 4.86219298 4.85477636 4.85477636 4.85477636 4.85477636 4.85477636
 4.88404238 4.88404238 4.88404238 4.88404238 4.87064498 4.87187543
 4.84253503 4.90518747 4.89539212 4.85101396 4.85101396 4.85101396
 4.85101396 4.85101396 4.85101396 4.8933487  4.82234914 4.82234914
 4.85287448 4.85287448 4.83425259 4.83425259 4.83425259 4.83425259
 4.83425259 4.83425259 4.83425259 4.83425259 4.83425259 4.83425259
 4.83425259 4.88289771 4.88289771 4.82410084 4.82410084 4.82410084
 4.82410084 4.82410084 4.82410084 4.82410084 4.86833702 4.88393608
 4.88393608 4.88393608 4.88393608 4.88393608 4.88891764 4.88891764
 4.88891764 4.88891764 4.88891764 4.88891764 4.88891764 4.88891764
 4.88891764 4.86240386 4.83825089 4.83825089 4.83825089 4.83825089
 4.83825089 4.83825089 4.83825089 4.83825089 4.85481037 4.85481037
 4.91320764 4.91320764 4.91320764 4.91320764 4.91320764 4.91320764
 4.91320764 4.91320764 4.89584041 4.82035211 4.82035211 4.82035211
 4.82035211 4.82035211 4.82035211 4.82035211 4.82157492 4.83495035
 4.83495035 4.86208685 4.86208685 4.86208685 4.86208685 4.86208685
 4.86208685 4.84194254 4.84194254 4.84194254 4.84825306 4.8370616
 4.8370616  4.89594626 4.89594626 4.89594626 4.89594626 4.89594626
 4.90095123 4.90095123 4.90055415 4.90055415 4.90055415 4.81634401
 4.81634401 4.88078823 4.88078823 4.88078823 4.88078823 4.85309798
 4.85309798 4.84931001 4.84931001 4.84931001 4.81122294 4.81122294
 4.81122294 4.81122294 4.81122294 4.81122294 4.81122294 4.81122294
 4.81122294 4.83236176 4.83236176 4.83236176 4.79520428 4.87574371
 4.87574371 4.87574371 4.87574371 4.87574371 4.87574371 4.87574371
 4.87574371 4.87574371 4.87574371 4.87574371 4.87574371 4.87569933
 4.82195961 4.82195961 4.83555781 4.83555781 4.83555781 4.83555781
 4.83555781 4.83555781 4.83555781 4.85049753 4.85049753 4.85404264
 4.85404264 4.8937688  4.8937688  4.8937688 ]


Trial 2 acceptance fraction:	31.00%

Masses: [4.9        4.9        4.9        4.85062153 4.86500657 4.86500657
 4.87228761 4.87228761 4.87228761 4.87228761 4.93026538 4.93026538
 4.92503513 4.92503513 4.92212957 4.92212957 4.92212957 4.94235417
 4.94235417 4.91990377 4.91990377 4.91686309 4.94568936 4.961902
 4.91775367 4.91664999 4.94168622 4.90733126 4.90733126 4.90733126
 4.90733126 4.8910748  4.8910748  4.93329525 4.93329525 4.93329525
 4.93329525 4.9243083  4.9243083  4.9243083  4.9243083  4.9243083
 4.9243083  4.93168796 4.93168796 4.93168796 4.87726664 4.90759359
 4.90759359 4.90759359 4.90759359 4.91895654 4.91895654 4.90185271
 4.90185271 4.90185271 4.90185271 4.94631538 4.94631538 4.94631538
 4.94631538 4.94631538 4.94631538 4.91283139 4.91283139 4.91283139
 4.91283139 4.91283139 4.91283139 4.85358449 4.85358449 4.85358449
 4.89186821 4.89186821 4.96963521 4.93470987 4.93470987 4.93470987
 4.93470987 4.93470987 4.93470987 4.96238004 4.92268753 4.92268753
 4.92268753 4.92268753 4.92268753 4.92703895 4.92703895 4.87386152
 4.87386152 4.8995522  4.8995522  4.8995522  4.8995522  4.8995522
 4.90313549 4.90313549 4.90313549 4.93166375 4.93166375 4.93166375
 4.96726266 4.96726266 4.90849191 4.90849191 4.87919074 4.88791993
 4.88791993 4.88525609 4.88525609 4.93281835 4.93281835 4.91614907
 4.91614907 4.95250889 4.95250889 4.95250889 4.89550256 4.95038122
 4.88962031 4.90837263 4.90837263 4.90837263 4.89872617 4.89872617
 4.89422255 4.91964251 4.93762129 4.90556599 4.92802362 4.94419034
 4.94636196 4.89823114 4.89823114 4.89823114 4.89823114 4.89823114
 4.89823114 4.88776851 4.88776851 4.88776851 4.88690441 4.88690441
 4.88690441 4.88690441 4.88690441 4.88690441 4.95638372 4.95638372
 4.91831932 4.91831932 4.91831932 4.91831932 4.91831932 4.91831932
 4.92454721 4.92454721 4.91041817 4.91041817 4.92068892 4.92068892
 4.92068892 4.92068892 4.92280402 4.92280402 4.92280402 4.92280402
 4.92280402 4.92427686 4.92427686 4.92427686 4.92427686 4.90636858
 4.90636858 4.94068831 4.92822289 4.92822289 4.91999027 4.91999027
 4.91999027 4.91999027 4.96022312 4.96022312 4.90217543 4.90217543
 4.90205617 4.88831821 4.93388835 4.93388835 4.93388835 4.93388835
 4.93388835 4.93388835 4.93388835 4.93388835 4.93388835 4.95107515
 4.95107515 4.95107515 4.90149356 4.90149356 4.90149356 4.90149356
 4.90149356 4.90149356 4.90149356 4.90149356 4.90149356 4.90149356
 4.90149356 4.90149356 4.90149356 4.90149356 4.90149356 4.90149356
 4.90149356 4.90149356 4.90149356 4.89384731 4.91762212 4.91762212
 4.91762212 4.91762212 4.91762212 4.90546102 4.90546102 4.90546102
 4.90546102 4.94721514 4.94721514 4.89309228 4.89309228 4.89309228
 4.9064824  4.9064824  4.9064824  4.9064824  4.9064824  4.9064824
 4.9064824  4.9064824  4.9064824  4.9064824  4.9064824  4.9064824
 4.89414573 4.88514366 4.88514366 4.88514366 4.88514366 4.88514366
 4.88176813 4.88176813 4.88176813 4.8570808  4.8570808  4.88058417
 4.94900947 4.94900947 4.91877263 4.9352912  4.9352912  4.9352912
 4.9352912  4.9352912  4.9352912  4.90597115 4.90597115 4.91478936
 4.91478936 4.91478936 4.90886285 4.90886285 4.90886285 4.93890653
 4.92827574 4.92827574 4.92458561 4.92458561 4.85695691 4.85695691
 4.9156485  4.92425853 4.92425853 4.92425853 4.91927658 4.97858495
 4.86185632 4.86185632 4.88585047 4.88585047 4.88585047 4.88585047
 4.88585047 4.88585047 4.92486314 4.92486314 4.92486314 4.92486314
 4.92486314 4.92486314 4.91654488 4.91654488 4.91654488 4.91654488
 4.94378409 4.94378409 4.94378409 4.90389789 4.90389789 4.90389789
 4.96066472 4.97753923 4.93505361 4.92530381 4.89498219 4.89498219
 4.93720325 4.93720325 4.93720325 4.92366543 4.95177352 4.9409174
 4.9409174  4.9409174  4.9409174  4.9409174  4.9409174  4.9409174
 4.9409174  4.9409174  4.9409174  4.9409174  4.9409174  4.9409174
 4.9409174  4.91671397 4.91671397 4.91671397 4.9047971  4.9047971
 4.9047971  4.9047971  4.9047971  4.9047971  4.9047971  4.9047971
 4.9047971  4.9047971  4.9047971  4.92434045 4.92434045 4.92434045
 4.92434045 4.92434045 4.92434045 4.88909109 4.88909109 4.88909109
 4.88909109 4.88909109 4.88909109 4.91486167 4.91486167 4.91486167
 4.91486167 4.91486167 4.91486167 4.91486167 4.91486167 4.97673963
 4.97673963 4.94855032 4.94855032 4.94855032 4.92403523 4.92403523
 4.92403523 4.92403523 4.92403523 4.92403523 4.93075827 4.93075827
 4.8863886  4.8863886  4.8863886  4.94687954 4.88285411 4.88285411
 4.88285411 4.888763   4.90905249 4.90012958 4.90012958 4.90012958
 4.90012958 4.90012958 4.92821443 4.92821443 4.92821443 4.92821443
 4.90068362 4.90068362 4.89939428 4.89939428 4.89939428 4.89939428
 4.89939428 4.90688047 4.90688047 4.90688047 4.90688047 4.90688047
 4.90688047 4.90688047 4.86197397 4.86197397 4.86197397 4.91429607
 4.91429607 4.91429607 4.91429607 4.91429607 4.91429607 4.91429607
 4.90568349 4.9039318  4.9039318  4.9039318  4.9039318  4.9039318
 4.9039318  4.9039318  4.9039318  4.9039318  4.9039318  4.9039318
 4.9039318  4.9039318  4.9039318  4.9039318  4.9039318  4.9039318
 4.9039318  4.9039318  4.9039318  4.9039318  4.9039318  4.94155292
 4.87369542 4.87369542 4.9679521  4.9679521  4.9679521  4.86516948
 4.86108759 4.90476873 4.92211208 4.92211208 4.87811471 4.87811471
 4.88128346 4.88128346 4.94952907 4.94952907 4.94952907 4.92999269
 4.92999269 4.92999269 4.92999269 4.950416   4.950416   4.950416
 4.950416   4.950416   4.88887434 4.88887434 4.90843107 4.93463026
 4.93463026 4.90501417 4.91532906 4.91532906 4.91532906 4.91532906
 4.91532906 4.932603   4.932603   4.932603   4.932603   4.932603
 4.932603   4.932603   4.932603   4.932603   4.932603   4.91408915
 4.92844586 4.92844586 4.92844586 4.92844586 4.92844586 4.92867927
 4.92867927 4.93401913 4.93401913 4.93401913 4.93401913 4.93401913
 4.93401913 4.93401913 4.93401913 4.9356282  4.9356282  4.9356282
 4.92803141 4.92803141 4.92803141 4.91511598 4.91753818 4.85980105
 4.85980105 4.90758515 4.93512077 4.93512077 4.93512077 4.92078357
 4.92078357 4.93285959 4.93285959 4.93859725 4.93082779 4.93082779
 4.93082779 4.93082779 4.94152078 4.94152078 4.94152078 4.94152078
 4.94152078 4.96796235 4.96796235 4.92635435 4.92635435 4.92635435
 4.9223189  4.9223189  4.9223189  4.90708509 4.87972658 4.87150497
 4.86811941 4.87802066 4.87802066 4.87802066 4.87802066 4.88406609
 4.88406609 4.88406609 4.94381694 4.96833426 4.92273458 4.92273458
 4.92273458 4.92273458 4.92273458 4.92273458 4.92273458 4.92273458
 4.92273458 4.92273458 4.92273458 4.92273458 4.92273458 4.89405522
 4.89405522 4.95978478 4.97851802 4.93724941 4.93724941 4.93724941
 4.93724941 4.8769228  4.8769228  4.94450309 4.94450309 4.94450309
 4.95630901 4.94649942 4.89696868 4.93464215 4.93464215 4.93464215
 4.90652453 4.90652453 4.91444649 4.91891135 4.91891135 4.91891135
 4.94387164 4.89463566 4.91406464 4.91406464 4.91406464 4.91406464
 4.91406464 4.91406464 4.91406464 4.92271578 4.92271578 4.92271578
 4.92271578 4.92271578 4.93776266 4.88909352 4.88909352 4.88909352
 4.92685453 4.92685453 4.92395187 4.92395187 4.96261013 4.96261013
 4.96261013 4.96261013 4.95236793 4.95236793 4.91959856 4.91959856
 4.91959856 4.91959856 4.95044152 4.95044152 4.95044152 4.90059593
 4.90059593 4.94515422 4.94515422 4.94515422 4.94515422 4.94515422
 4.94515422 4.89727156 4.89727156 4.89727156 4.89727156 4.89727156
 4.90680111 4.93028139 4.9007639  4.9007639  4.9007639  4.9007639
 4.9007639  4.911438   4.911438   4.911438   4.89428253 4.89428253
 4.89428253 4.89428253 4.89428253 4.89428253 4.90528238 4.90528238
 4.90528238 4.8865442  4.8865442  4.8865442  4.8865442  4.90923319
 4.90923319 4.93517642 4.93517642 4.8817308  4.8817308  4.8817308
 4.92443124 4.92443124 4.92443124 4.92443124 4.92443124 4.92443124
 4.92443124 4.92443124 4.92443124 4.92443124 4.92978524 4.92978524
 4.92978524 4.92978524 4.92978524 4.95525056 4.95525056 4.93014511
 4.93014511 4.93014511 4.89802362 4.89802362 4.89802362 4.89802362
 4.89802362 4.89802362 4.89802362 4.89802362 4.89802362 4.93973383
 4.93973383 4.93973383 4.93973383 4.93973383 4.93973383 4.93973383
 4.93973383 4.93973383 4.93973383 4.93973383 4.93973383 4.93973383
 4.93973383 4.93973383 4.93973383 4.93973383 4.93973383 4.93973383
 4.93973383 4.93973383 4.93973383 4.93973383 4.93973383 4.95471623
 4.95471623 4.95471623 4.95471623 4.91256774 4.9343291  4.9343291
 4.91398123 4.91398123 4.93797765 4.91692868 4.90258157 4.9147916
 4.9147916  4.9147916  4.93922659 4.90037191 4.90037191 4.90037191
 4.87399526 4.87399526 4.91175673 4.91175673 4.91175673 4.93754499
 4.93754499 4.93754499 4.89185268 4.89185268 4.89185268 4.89185268
 4.93790262 4.92245617 4.92245617 4.92245617 4.92245617 4.92245617
 4.92245617 4.92245617 4.92245617 4.90364112 4.90364112 4.90364112
 4.90364112 4.89015381 4.91593134 4.91593134 4.91593134 4.91593134
 4.91593134 4.91593134 4.95427234 4.95427234 4.96114483 4.90385931
 4.93172843 4.92358158 4.9160986  4.9160986  4.9160986  4.9160986
 4.9160986  4.9160986  4.9160986  4.9160986  4.9160986  4.9160986
 4.9160986  4.9160986  4.9160986  4.9160986  4.9160986  4.9160986
 4.9160986  4.96208762 4.92178342 4.90956006 4.90956006 4.90956006
 4.90956006 4.90956006 4.90956006 4.90956006 4.92126175 4.92126175
 4.92126175 4.92301436 4.9224211  4.9224211  4.9224211  4.9224211
 4.91158094 4.91158094 4.91158094 4.91158094 4.90746652 4.90746652
 4.90746652 4.89659181 4.88123814 4.92489643 4.92489643 4.92489643
 4.92489643 4.92489643 4.90928628 4.85919062 4.85919062 4.91977799
 4.93139687 4.93139687 4.96232969 4.91255441 4.91255441 4.91255441
 4.91255441 4.91255441 4.91255441 4.91255441 4.90140024 4.90140024
 4.93064516 4.93064516 4.93064516 4.93064516 4.93064516 4.93064516
 4.93064516 4.93064516 4.93064516 4.93064516 4.93064516 4.93064516
 4.93064516 4.93064516 4.93729935 4.93729935 4.93729935 4.93729935
 4.93729935 4.93729935 4.93729935 4.93729935 4.93729935 4.93365648
 4.94098628 4.94098628 4.94098628 4.92640262 4.92315598 4.92315598
 4.92315598 4.92315598 4.92315598 4.92315598 4.91078956 4.91078956
 4.9138224  4.9138224  4.9138224  4.99395921 4.94064913 4.94064913
 4.94064913 4.94064913 4.94064913 4.94064913 4.90075591 4.90075591
 4.90075591 4.90075591 4.93648842 4.93648842 4.93648842 4.88895403
 4.85268    4.90814524 4.94191065 4.94191065 4.94191065 4.94191065
 4.94191065 4.94191065 4.94191065 4.94191065 4.91021452 4.91021452
 4.91021452 4.91021452 4.91021452 4.91021452 4.91021452 4.91451364
 4.91451364 4.93365596 4.93365596 4.9316013  4.9316013  4.9316013
 4.9316013  4.95100625 4.95100625 4.95100625 4.95100625 4.95100625
 4.95100625 4.91491266 4.91491266 4.91491266 4.91528875 4.91528875
 4.91528875 4.91528875 4.92666871 4.92666871 4.92666871 4.92666871
 4.92666871 4.92666871 4.92666871 4.92666871 4.92666871 4.92666871
 4.90905044 4.95081628 4.95081628 4.95081628 4.95081628 4.95081628
 4.95081628 4.95081628 4.95081628 4.94353005 4.94353005 4.91820332
 4.91820332 4.9044561  4.9044561  4.9044561  4.9044561  4.9044561
 4.9044561  4.9044561  4.9044561  4.9044561  4.9044561  4.9044561
 4.9044561  4.9044561  4.9044561  4.9044561  4.92824399 4.92824399
 4.92824399 4.92824399 4.90569261 4.92046748 4.90448769 4.93633241
 4.93633241 4.93633241 4.93688313 4.92863858 4.90617775 4.90617775
 4.90617775 4.90617775 4.90617775 4.90617775]

 
Tue May 17 20:09:45 EDT 2022
 
Game over. Thanks for playing.
