55467.5891115159	0.9997343159014903	0.0006492163901285727
55467.62997729796	0.9998992527773884	0.000682680723308128
55467.65041018876	1.0005548266107025	0.0006782127858166991
55467.67084317909	1.0001671874249987	0.0006739063046486077
55467.69127596919	0.9999332787919335	0.0006699380108129176
55468.24296410455	0.9995557275594867	0.0006480866219962673
55468.263396887436	1.000482055287036	0.0006475710818675508
55468.28382987008	1.000149763185909	0.0006474479319553245
55468.3042627525	1.000305768014305	0.0006473559281386283
55468.32469553445	0.999736014616475	0.0006459254968324246
55468.3451285164	1.000670846735419	0.0006458372066802878
55468.365561397884	1.0004094220920055	0.0006460649514886818
55468.38599417937	0.9999676199046734	0.0006464642818316072
55468.406427160386	0.9991947011974059	0.0006467484363279512
55468.426860041174	0.9999354442713384	0.0006466731066992757
55468.44729292173	0.9999112372003855	0.0006459812268024822
55468.467725802046	1.0003722279565843	0.0006460260164101164
55468.4881586819	1.0001623921100042	0.0006463627998005548
55468.50859156176	0.9994369354485191	0.0006461523008694195
55468.52902444138	1.0008661420665435	0.0006462215289513682
55468.549457320536	0.999639449232067	0.0006462662723157486
55468.56989029946	0.9999770538542592	0.0006459500966248102
55468.59032317838	0.9991515526873057	0.0006460937853489047
55468.61075595684	1.0000255873792234	0.0006485158180366562
55468.63118893506	0.9996809810143996	0.0006495346411449387
55468.65162181306	1.0010295861014833	0.0006536048587015704
55468.67205459082	0.9995339620115895	0.0006498157583938425
55468.692487568114	0.9993581049988266	0.0006492474849060836
55468.7129204454	0.999049628441572	0.0006487448453255137
55468.73335322223	0.999336777940281	0.0006483415064855887
55468.75378619906	1.0001595488762716	0.0006480187359631689
55468.77421907542	0.9993882730988738	0.0006478684327456312
55468.79465185155	0.9994359595150341	0.0006477777946854792
55468.81508482745	1.0004043386735002	0.0006474470266931069
55468.83551770311	0.9996451826247006	0.0006465884034257603
55468.855950578545	0.9972956606912737	0.0006460260574313604
55468.87638345374	0.9970525811622881	0.0006475261879248258
55468.896816328706	0.9964757261957504	0.0006486433708777067
55468.91724920321	0.9973111882869942	0.0006475854398460928
55468.93768207771	0.995856480530808	0.0006461372347212599
55468.95811495174	0.9956265001914035	0.0006450228580232023
55468.978547825776	0.9956832710942372	0.000644804516239653
55468.99898069934	0.9949092108744648	0.0006452105350508039
55469.01941357268	0.9959229086616249	0.0006466082027122125
55469.03984644578	0.9968361670956867	0.0006490272546344808
55469.08071219129	0.9960260296063908	0.0006464299670900173
55469.10114516346	0.9954186861111595	0.0006448732637758146
55469.12157793563	0.9942751072018962	0.0006444915636443377
55469.14201090757	0.9960577415453298	0.0006451239050491544
55469.162443779045	0.9947600362093799	0.000644731671370787
55469.18287655028	0.995555407762878	0.0006448052095176742
55469.20330952152	0.9955434662520494	0.0006455923494331605
55469.2237423923	0.9957148821512363	0.00064773548634007
55469.244175162836	0.9965004734548255	0.000649962004711592
55469.26460813315	0.9964948754986808	0.0006504011146221223
55469.285041003226	0.9973592041179093	0.0006503864592932647
55469.30547377283	0.996261086593954	0.0006490329531987352
55469.325906742444	0.9956856533246661	0.000647547470564531
55469.346339611824	0.9954167959202134	0.0006458989148936017
55469.36677238073	0.9961053335831974	0.0006460535289190872
55469.387205349645	0.9970058005995576	0.0006463309801483481
55469.407638218094	0.9958293478158331	0.0006463657359581089
55469.4280711863	0.9961937420017887	0.000647755906559922
55469.448503954285	0.9973166045285571	0.0006499669199976059
55469.468936822035	0.997076868818879	0.0006536122593582807
55469.489369789546	0.9963169485143383	0.0006534014972311542
55469.50980255683	0.9965480140042936	0.0006525743786114324
55469.53023542388	0.9971546687818725	0.0006518007536826746
55469.55066829069	0.997806321541251	0.0006511226901139605
55469.571101157046	0.9991207977907836	0.0006505614461158084
55469.5915340234	0.9997828572134801	0.0006499159861529133
55469.61196698928	0.9997557095995303	0.0006489705258671861
55469.63239975493	0.9999865282811212	0.0006487090868601719
55469.65283262059	0.9992516767167866	0.0006480327264732374
55469.67326558577	1.000443283126062	0.0006476412753684881
55469.693698350726	1.0007745999562476	0.0006472375345927796
55469.71413131544	0.9991825108804915	0.0006465705127932767
55469.73456417993	0.9990065314334456	0.0006461350667063554
55469.75499694419	0.9992394468121407	0.0006472594346651742
55469.77542990798	0.9993352520216392	0.0006487631989665811
55469.79586277177	0.9993540757911069	0.0006505147171712766
55469.816295535325	0.9992543438058554	0.0006497338965963914
55469.83672849841	1.0012983107191449	0.0006493299353170522
55469.85716136127	0.9994294907414554	0.0006484539333027637
55469.87759412413	0.9994982763846831	0.0006478467743043901
55469.89802708653	1.0002308648687077	0.0006474198582367302
55469.91845994868	1.0000030409993046	0.0006471261362800773
55469.93889281061	1.0001264815581383	0.0006470515493196967
55469.9593256723	1.0000090658384977	0.0006459975599800528
55469.979758533766	1.0008131961889244	0.0006464765780559866
55470.000191495	0.9996492451007162	0.0006467288426025184
55470.02062425576	1.0000423811941406	0.0006467294959268027
55470.04105711652	1.000334706428855	0.0006466516003343915
55470.06149007705	1.0012035620367163	0.0006467110477279875
55470.08192293711	1.0006401103356972	0.0006464771489268355
55470.10235569718	0.9996467832682107	0.0006462501031344037
55470.12278865678	1.0000786490829743	0.0006463211503926363
55470.14322151614	1.000458490652998	0.0006466656498514237
55470.163654275275	1.0004780119379901	0.0006469585087933031
55470.18408723418	1.000084108079111	0.0006466964831994974
55470.20452009284	0.9990257773976766	0.0006463084580992842
55470.22495285128	1.0008598002490117	0.0006463564066922427
55470.24538580948	0.9992806252025711	0.0006459479101642805
55470.26581856745	1.0008086318762015	0.0006460165259117688
55470.28625152518	1.0016097030387314	0.000645700038889069
55470.306684382456	0.9996585433078938	0.0006448457583334908
55470.32711713972	0.9991365156021813	0.0006452045187505664
55470.34755009653	1.0008122245095603	0.0006454850652126419
55470.367982953336	1.000130669647604	0.0006451331289938981
55470.388415709676	0.9993912224211862	0.0006449554934545456
55470.40884866578	1.0004667580540885	0.0006450385890113665
55470.429281521654	0.9999866240661095	0.0006449699962209392
55470.44971437729	0.9998520416692525	0.0006452113132462576
55470.4701472327	0.9992520962746657	0.000645303613749383
55470.49058008788	0.9999073671803781	0.0006453850791451099
55470.511012942814	1.0003202654231809	0.0006452654055422745
55470.531445797526	0.9999941391274809	0.000645053177239178
55470.551878652004	0.9993220300043392	0.0006448476141227015
55470.57231160601	1.0009800689935773	0.000644943390193466
55470.61317721357	0.9997882778617417	0.0006445669926071417
55470.63361016711	1.0008214606394679	0.0006446932399654619
55470.65404302019	0.999085112230381	0.0006443687473654991
55470.67447577304	0.9990852103070852	0.0006443174775739072
55470.69490872588	1.0010760311504956	0.0006445236465143856
55470.73577433042	1.0003794374314015	0.0006443892402791756
55470.75620728233	1.0025696034190257	0.0006447306531737322
55470.77664013401	0.9997143593589117	0.0006443245472183491
55470.79707288546	1.0011234353368048	0.0006444941934659474
55470.817505836676	1.0001520777632833	0.0006443911450952302
55470.83793868743	1.0005819609068591	0.0006444641143122274
55470.85837153818	0.9987971759309702	0.0006442437583744393
55470.878804388696	0.9997287023115767	0.0006443662848257923
55470.89923723875	1.0001047593669592	0.0006444758086100366
55470.919670088806	0.999789200263262	0.0006444782529540814
55470.94010293839	0.9998358832251296	0.0006445052767892409
55470.960535687744	1.0002174111846973	0.0006445717409284165
55470.9809686371	1.0005232707690506	0.0006446547135124977
55471.001401485984	0.999402893022205	0.0006445359176836142
55471.02183433464	1.0000202633164352	0.0006446677767332221
55471.04226718307	0.998955048250073	0.0006445439242712322
55471.06270003125	1.0013506966896468	0.0006448829152064542
55471.08313287921	1.0003669997404558	0.0006447988319177401
55471.10356582694	0.9996278149115365	0.0006447055202662244
55471.123998574425	1.000067963039076	0.0006447911163363626
55471.144431521454	0.9994253841924092	0.0006447300129553205
55471.164864368475	0.9998357069300976	0.000644669562347484
55471.18529711527	0.9997096496699709	0.0006442698313326384
55471.22616290793	0.9999417666894749	0.0006441965148955302
55471.246595653785	0.9999123009649658	0.0006448068154311449
55471.26702859965	1.0007099869738574	0.0006449383371128079
55471.28746144504	1.0002909600474048	0.0006449140725849335
55471.307894190206	1.0001000787178573	0.0006448589174827662
55471.32832713514	1.0004240636060306	0.0006448969675324627
55471.34875998007	1.0013499389653142	0.000645067608803456
55471.36919272453	1.0006070800069866	0.0006449897042888324
55471.389625668766	0.9992679516259431	0.0006448038287452008
55471.41005851276	1.0007651335751304	0.0006449794868358185
55471.43049145653	0.9999966660687313	0.0006441537762716441
55471.45092419983	1.0004309918210956	0.0006440789362315547
55471.47135704313	1.0001861985990246	0.000644188492803694
55471.4917899862	0.9994862705580271	0.0006439676356482312
55471.512222729034	1.0007195786114544	0.000644082242457361
55471.5326555714	0.9992224548327712	0.0006439285488247117
55471.55308841377	1.0006596652353879	0.000644033960039939
55471.573521255676	1.0002144808993612	0.0006440014091015281
55471.593954097574	0.9996955814399493	0.0006440252864710759
55471.614386939014	0.9998056764454467	0.0006443848555675516
55471.634819780455	1.0010644205216535	0.0006445973814553708
55471.65525262142	0.9998715982835019	0.0006444080906636099
55471.675685562164	1.0001708590144651	0.0006444424214809535
55471.69611830267	1.0006781946268577	0.0006444324155730349
55471.716551243175	1.0000544279827261	0.0006439505536610597
55471.73698408322	0.9991625812058083	0.0006440144362694232
55471.75741682303	1.0004270944689126	0.0006439937098899887
55471.7778497626	1.0000678673133823	0.0006438931572992633
55471.79828260194	0.9992251360928074	0.0006438272434493227
55471.81871534082	0.9989007037875612	0.0006438623851603445
55471.839148279694	0.9997129103506632	0.0006438470992008158
55471.85958111834	0.9993219402536052	0.0006438470845067321
55471.88001385675	0.9993309790009193	0.0006438078180655238
55471.900446794694	1.0006944643754507	0.0006440805918727461
55471.92087963264	1.0000443415579665	0.0006440422454538394
55471.94131247036	0.999649289150668	0.0006439320219290839
55471.9617453076	1.000112379721027	0.0006439428505473116
55471.98217814485	0.9999357377891172	0.0006439101335207582
55472.002611081625	0.9998036130357532	0.0006438442350297242
55472.023043818175	0.998935602651769	0.0006437128248213111
55472.043476654726	0.9993035725761948	0.000643737596984707
55472.06390959081	1.0009367644320115	0.0006439205432699358
55472.08434242666	1.0009772102051409	0.0006438991847191785
55472.10477516251	1.0001875698158957	0.000643771126051257
55472.12520809789	1.0000852582711284	0.000643701697025127
55472.14564093304	0.999261794439707	0.0006436044123562981
55472.16607366796	1.00045405472209	0.0006437515611642719
55472.18650660265	0.9995732775519267	0.0006436129296377956
55472.2069393371	0.9997135758508606	0.0006436432317807453
55472.22737217132	0.9999905912346594	0.0006437113136404158
55472.247805105304	0.9989094013607944	0.0006435029462301485
55472.26823783906	1.0008224231493705	0.0006437704701076564
55472.28867077235	1.0002740138036181	0.000643682748168233
55472.32953633869	0.9995747956296728	0.000643592173007754
55472.34996927129	1.0000263704720913	0.0006436726165665181
55472.37040210387	1.0000628350321061	0.0006436647283110134
55472.39083483623	1.000070594362589	0.0006436536796131981
55472.411267768126	0.9990422852572549	0.000643552428276865
55472.43170060002	1.0000742936242248	0.0006437063309331442
55472.45213333144	0.9995446994698524	0.0006436083697125061
55472.47256626287	1.0005986905591318	0.0006437037866628834
55472.492999093825	0.9998052270338034	0.0006438052830403907
55472.513431924555	0.9990414430005322	0.0006436965463550041
56040.645891844375	1.0005987626375479	0.000590018175032079
56040.66632634258	0.9992960361586392	0.0005899002619881321
56040.68676094095	1.0003247345517385	0.0005899921336854822
56040.70719533945	0.9991971390617261	0.0005898474359633324
56040.72762983806	0.999801295008109	0.0005899165646790356
56040.7480644369	0.9993919599048191	0.0005899606109364589
56040.7684988358	1.000336277392235	0.0005899178894457004
56040.78893333488	0.9999038053727664	0.0005898684459273813
56040.809367934125	0.9990006523388614	0.0005897689271313071
56040.82980243355	1.0001275563086967	0.0005898788747391432
56040.850236933096	1.0002353771705434	0.0005898966887903684
56040.870671332756	1.0008875630610916	0.0005898634460015448
56040.891105932584	0.9996653333714963	0.0005897255355170318
56040.93197493271	1.0017102583181405	0.0005898005499594855
56040.95240933295	0.9992511911466544	0.0005895510276896994
56040.97284393337	1.0000162732636042	0.0005896084370507682
56040.993278433954	0.9994983633765642	0.0005895452986448262
56041.01371283466	1.0005003008871751	0.0005896026678668156
56041.034147435545	0.999961881915711	0.00058958308442983
56041.054581936536	0.9990901220519565	0.0005895620681343636
56041.07501653765	0.9997602634177063	0.0005896513978178549
56041.095450939	1.0002187022971587	0.0005897328074227938
56041.1158854404	0.999774089164089	0.0005896609941781595
56041.13632004198	0.9995348643743664	0.0005896347077930777
56041.156754443735	1.000971346650164	0.0005897626524985095
56041.1771889456	1.0005456144113436	0.0005897233495865115
56041.19762354765	0.9992851582341254	0.0005895878348963946
56041.21805794981	0.9993353761937864	0.0005896151385271009
56041.23849255214	1.0004931270510662	0.0005896912561685651
56041.27936145722	0.999280118484676	0.0005895916066862606
56041.29979605996	1.000495419312657	0.0005896727999756739
56041.32023056288	0.9998818780099403	0.0005896567731927337
56041.340664965915	1.000434142614412	0.0005897284995693504
56041.36109956912	0.9991677876415576	0.0005896460072303419
56041.38153407245	0.9996059583946716	0.0005896753966653658
56041.40196857595	1.0000676566235494	0.0005897404533273918
56041.42240307956	1.0009526567515799	0.000589829625365459
56041.44283758335	1.0000990490379003	0.0005898165355140666
56041.46327218726	1.0006960443071944	0.0005898852253264326
56041.48370659128	1.0003869781042243	0.0005898800889485118
56041.50414109548	0.9994779408042547	0.0005898556969805921
56041.52457569985	0.9998028088311227	0.0005899660581669448
56041.54501010434	0.9999000039870727	0.0005899492838389405
56041.565444609005	0.9997654406791404	0.0005899846205017765
56041.58587921373	0.9992538563503096	0.0005899650273050741
56041.60631361868	1.001104015865721	0.0005901655601810266
56041.62674822375	1.0001579733185153	0.000590141240618188
56041.647182728935	0.9993250624922841	0.000590106751080117
56041.6676171343	0.9999816563072955	0.0005901968851279591
56041.708486245436	1.0009642359914055	0.0005903468973377491
56041.7289206512	0.9988241775657084	0.0005902139637661913
56041.74935525715	0.9993180655262468	0.0005902918355001835
56041.7697897632	0.9994322236129448	0.0005903535235298599
56041.79022416944	0.9990441217273798	0.0005903560018671765
56041.810658775794	0.9999001482186428	0.0005904664477116724
56041.831093282264	0.9994153541779074	0.0005904738560665845
56041.8515278889	1.0003428169052802	0.0005897718507967985
56041.87196229566	1.000306488025556	0.0005897533780860083
56041.89239680259	1.0005369710818206	0.0005896782875558792
56041.93326581687	1.0005689337751595	0.0005896094835660977
56041.953700324215	1.000455361372527	0.0005895936121956195
56041.9741349317	1.0002991517640618	0.0005895850375391848
56041.99456933933	0.9989898952553271	0.0005894372814848926
56042.015003947105	1.0011865395966848	0.0005896854995140047
56042.03543845503	1.0007971946100234	0.0005896071298296969
56042.05587296307	1.0001814858630969	0.000589552417557052
56042.07630747125	1.0001135637604202	0.0005896006418045989
56042.096741979614	0.9997822078650127	0.0005895670978851264
56042.11717648809	1.000320914683917	0.0005896181524838519
56042.13761099668	0.9999997896831487	0.000589565795050357
56042.15804550545	0.9998917381274447	0.0005895973715957173
56042.178480014365	0.9995017428152565	0.0005895464713847748
56042.19891452339	0.9994094162020627	0.0005895146107008539
56042.219349032566	1.000095195205577	0.0005895828144773768
56042.23978364189	1.0006710693028698	0.0005899870855956877
56042.280652560934	1.000372081188145	0.0005901194581008205
56042.301087170694	0.9996859310344655	0.0005904390238849818
56042.32152158056	0.9998342419049501	0.0005904527718832178
56042.34195609058	1.0007621779809268	0.0005903405454287399
56042.36239070075	1.000510606027222	0.0005901840478177601
56042.38282511105	0.9999691885935499	0.0005899464898196047
56042.40325972148	1.0009147336490236	0.0005899345983603391
56042.42369423206	1.0011111403487576	0.0005898070835413076
56042.44412864277	0.9999406403243716	0.0005896032979961248
56042.464563253634	1.000295970225335	0.0005896185186191875
56042.484997764615	0.9994777780607965	0.0005895703647230599
56042.505432175734	0.9996741419405633	0.000589571964624858
56042.52586678704	1.0004751338952802	0.0005897482605195199
56042.546301298455	1.000909929601761	0.0005899903511392243
56042.56673570998	1.0000564343495777	0.0005900468039317761
56042.58717032166	1.0004365170284009	0.0005899380914516187
56042.607604833516	1.000359056000202	0.0005899702959205032
56042.62803944545	0.9988980900045167	0.0005900431561298336
56042.64847385757	1.0003602532033107	0.0005904645751570717
56042.6689083698	1.0006251706012994	0.0005907956195386973
56042.68934298217	0.9999280828720563	0.0005907531392798965
56042.709777494696	1.0000080157016094	0.0005907591842394452
56042.73021190733	1.0000076245850171	0.000590746994925113
56042.750646520144	0.9998447292759433	0.0005907180083762106
56042.771081033046	1.0006125127602454	0.0005908103649512281
56042.791515546116	0.9994821351114993	0.000590643104386496
56042.81195005931	0.9986478125538347	0.0005906030245597369
56042.83238457265	0.9998530459575972	0.0005911718310413299
56042.852819086125	1.0001589921671148	0.0005916838146109761
56042.873253599726	1.00043838502612	0.0005917343480925841
56042.8936880135	0.9999595265654775	0.0005916982295452962
56042.914122627386	1.0008132083624497	0.0005917425218640842
56042.934557141394	0.9997003115840455	0.0005916207698946992
56042.95499155555	0.9992013988469829	0.0005915271007226664
56042.97542616984	0.9997815543621016	0.0005915832726543444
56042.995860684285	1.0007537020621002	0.0005916101846339089
56043.01629529885	1.0009223114835482	0.000591571589184804
56043.036729713545	1.000149590771393	0.0005914670491759312
56043.05716422837	1.0003616425092545	0.0005914347446351457
56043.07759884337	0.999016535433525	0.0005913280658353877
56043.09803325847	0.99960436447365	0.0005913289673057439
56043.118467773704	0.9999898770712732	0.0005913118454429053
56043.13890238911	0.9995806582122676	0.0005912515807895668
56043.159336804594	1.0000853042448659	0.0005912444219114701
56043.17977142026	0.9995037453933301	0.0005911391958567619
56043.200205936046	0.9992313687024121	0.000591096925243147
56043.24107496801	1.0005402486682349	0.0005911115661838514
56043.28194400053	1.000156390991699	0.000590968656130024
56043.302378516986	0.9999325742314692	0.0005908864076241393
56043.322813033585	0.999739341424593	0.0005908424935836429
56043.34324755032	0.9996665783051354	0.0005907589833848254
56043.36368206718	0.9986245481327001	0.0005906272303190072
56043.38411658419	0.9996298134988385	0.0005906782781535316
56043.4045512013	1.0002202053028317	0.0005906540560329831
56043.445420135984	0.9996429680793076	0.0005905120346907445
56043.46585475351	0.9992738641157048	0.0005904352500189127
56043.48628917118	0.9996400748028965	0.0005903902207045159
56043.50672368897	0.9999367357545897	0.0005903840864603614
56043.527158306904	1.000449936664224	0.0005903757908879187
56043.54759272496	1.000651109888088	0.0005903275205400142
56043.56802734315	0.9996175019216954	0.0005901979224939699
56043.588461861495	1.0003143697206573	0.0005902159719277247
56043.608896279955	0.9977371670626526	0.0005899188346530184
56043.62933089856	0.9969594906806677	0.0005897737553693526
56043.64976541728	0.9971469637077965	0.0005897750643525597
56043.670199836146	0.9955655262115426	0.0005895821237360385
56043.690634455124	0.995958521635491	0.0005895918935093121
56043.711068974255	0.9958082830974033	0.000589542710465778
56043.7315033935	0.9966314783906468	0.0005895820920840916
56043.75193801292	0.9960090945180182	0.0005895477021208493
56043.772372532425	0.9950184363925038	0.0005894493263855634
56043.79280715208	0.9966506029571591	0.0005896119973095511
56043.81324157187	0.9952780454369223	0.0005894861948767835
56043.83367609179	0.9959435998105147	0.0005895354097083991
56043.85411071185	0.9972115353651498	0.0005896863695438637
56043.87454513203	0.9954098870310011	0.0005895136496398252
56043.894979652345	0.9953993388813165	0.0005895203555663406
56043.915414272786	0.9950360591257668	0.0005895127587864587
56043.935848793364	0.9956114344102687	0.0005895474601662618
56043.956283314066	0.9967118775225576	0.0005896481668442772
56043.976717834914	0.9948250157022728	0.0005894869772299326
56043.99715235587	0.9959099687993573	0.0005895696107799957
56044.01758687695	0.9948058060689213	0.0005895073112910647
56044.038021398206	0.9957773618227599	0.0005895915976222109
56044.05845591954	0.9951843777904297	0.0005895309689949738
56044.07889054103	0.9955954367650177	0.0005895941323023561
56044.09932496266	0.9961321995478433	0.0005896914987763264
56044.119759484376	0.9969605153786083	0.0005898744689505505
56044.14019400627	0.9954080257268065	0.0005897402181415529
56044.16062852828	0.9959926045299484	0.0005899105683950432
56044.181063150434	0.9952754789486522	0.000589874693303294
56044.20149757271	0.9955271520929186	0.0005900145138553674
56044.2219320951	0.9964105186682771	0.000590161487033079
56044.242366717626	0.9956733451306764	0.0005901759974845735
56044.26280114028	0.996278417754982	0.0005902931214793215
56044.283235663046	0.9977139941518063	0.0005905382183232542
56044.30367028598	0.9969535506671678	0.0005905746785608817
56044.32410470901	0.9966387709142529	0.0005905986762890545
56044.34453933219	0.9993634770010635	0.0005909867078640867
56044.364973855474	1.0005043774828866	0.0005911611787564957
56044.38540827891	0.9999210819641355	0.0005912503544218383
56044.405842902466	1.00018799286374	0.000591354746184903
56044.42627742616	1.0006722252049012	0.0005915909128295985
56044.446711949975	1.0000854675909363	0.0005915613937128939
56044.46714647391	0.9988858395508579	0.0005915698104421535
56044.48758099801	1.0012649563531852	0.0005918934201917027
56044.5080155222	0.9996444391536169	0.0005918560326908781
56044.52845004651	0.9992556142630891	0.0005919364033146823
56044.54888457096	1.0000078008703084	0.0005921279982841171
56044.569319195565	0.9982643956254459	0.000592058137808633
56044.58975372028	0.9998841071371155	0.0005923337470398841
56044.61018814511	0.9994602959433021	0.0005924402541382834
56044.63062277006	1.000121446741638	0.0005926086893775608
56044.65105729515	1.0019004169581234	0.0005928691502059175
56044.671491720364	0.9996018020396803	0.0005927783140392902
56044.7123608712	0.9999847638205334	0.0005930729395736796
56044.73279549681	1.0015370537338621	0.0005933121131738061
56044.75322992252	0.9997536325737132	0.0005932668664086641
56044.773664448396	0.9993465310018147	0.0005933252122333777
56044.794098974366	1.000309738419384	0.0005935390445880852
56044.81453350045	0.9991797762495561	0.0005935228035209488
56044.83496802671	0.999798157709817	0.0005936872034673648
56044.855402553054	0.9996012009835855	0.0005937796619005112
56044.87583707955	0.999642820157667	0.0005938986687173405
56044.93714065975	1.0008664427457243	0.00059252510847447
56044.95757528673	0.9994488843037358	0.0005915361712355091
56044.978009713835	1.0006924897975564	0.0005909246482354379
56044.998444241086	0.9998365364426269	0.0005902514362086645
56045.018878868446	0.9997568134455529	0.0005898641160155898
56045.03931329593	0.9995504834025642	0.0005898394851660376
56045.05974782356	1.0006317882718978	0.0005899656011127736
56045.0801824513	1.000342940763439	0.0005896612079329238
56045.10061697916	0.9995067362977722	0.0005897752748205934
56045.121051507136	0.9991806598801708	0.0005897456634822963
56045.14148603525	1.0000589471278045	0.0005898428482773978
56045.16192056349	0.9990340965731713	0.0005901864679824675
56045.18235509185	1.0009771129525777	0.0005909164579135711
56045.22322414893	0.9995272625484878	0.0005923750998246418
56045.24365877767	1.000248330440727	0.0005928118831985015
56045.26409320654	1.0000228962039486	0.0005928296318629892
56045.28452773551	0.9996318541811113	0.0005928393564914814
56045.30496236462	0.999926103348931	0.0005928991891903171
56045.32539679384	0.9992547157705407	0.0005928582265498979
56045.34583142319	0.9995877374187179	0.0005929036584339211
56045.36626595268	0.9999392541589844	0.0005929378258579392
56045.38670038225	1.0001757763125216	0.0005929641677012822
56045.40713501198	1.0007703070427607	0.000593037852117303
56045.42756954182	1.0003208756919981	0.0005929888053141881
56045.4480039718	0.9991034987815816	0.0005928655024673193
56045.4684386019	1.0012760525706268	0.0005930479362807101
56045.48887313211	1.0010854209414006	0.0005929949643688839
56045.50930766245	0.9997999025090403	0.0005928705617875498
56045.5297421929	0.9999565189808629	0.0005928405409692434
56045.55017662347	1.0011160835626665	0.0005929343183221638
56045.570611254174	1.001402925398625	0.0005929120170510045
56045.61148021595	1.00127626984376	0.000592795170502518
56045.63191484701	1.0004365400694455	0.0005926394953931436
56045.652349378215	0.9999940638823197	0.0005925694417896913
56045.67278390951	1.0009961558953966	0.0005925874310846361
56045.693218440945	1.0005556946798635	0.0005924734657664941
56045.7136529725	1.0001777790622721	0.0005923990510280363
56045.73408760417	1.0000101013651712	0.0005922841489438568
56045.75452203596	1.0010407687985292	0.0005923242483662031
56045.7749565679	1.0002472982431219	0.0005921353812941293
56045.795391199914	0.9995755115389706	0.0005920133729442767
56045.81582573208	1.0001296908139568	0.000591936571664424
56045.83626016437	0.9990584121371804	0.0005917734224844361
56045.85669479676	0.9995888651702391	0.0005917123709500447
56045.87712932928	1.0007548638254078	0.0005917423380544943
56045.897563961946	1.0002144229903356	0.0005915922320210605
56045.91799839469	1.0005825401577864	0.0005915093626441409
56045.938432927585	1.0002677906818778	0.0005913845990712476
56045.9588675606	0.9994366832474432	0.0005903127321415326
56045.97930199369	1.0002116797400562	0.0005896100915785673
56045.99973652694	1.000486087413142	0.0005899422079187578
56046.02017116033	1.0001260618690582	0.0005901943263779783
56046.061040127395	0.9996468601374748	0.0005907093747356731
56046.08147476114	0.9990581651826088	0.0005905574189679068
56046.10190919496	1.0006356122404163	0.0005905765977711941
56046.12234382893	1.000322785404288	0.0005904532032951635
56046.14277836302	0.9999984212508553	0.0005903205051411048
56046.16321279719	1.0002421667459553	0.000590278034740615
56046.18364743151	1.000994922687664	0.0005902735432249881
56046.20408186595	1.000088164521636	0.0005901063908060352
56046.2245164005	1.0007203834170793	0.000590108030956049
56046.24495103517	0.9998391376680049	0.0005899395344200925
56046.26538546996	1.0001725253451517	0.0005898622236652991
56046.28582010489	0.9990082050332225	0.0005897093447314737
56046.30625463991	1.0002676325012239	0.0005897913806275631
56046.326689175046	0.9995161554778637	0.0005896450972955108
56046.34712371032	0.9994027777150678	0.0005896664187633342
56046.36755824569	1.0002470160483252	0.0005897621068830511
56046.38799278121	1.0003023367022363	0.0005897851547159016
56046.408427316834	0.9994356749593063	0.0005897219373700886
56046.42886185255	1.0004852512058893	0.0005898849247293278
56046.44929638842	0.9998594292030388	0.0005898439897880427
56046.469731024365	0.9997403834927121	0.0005899101789861478
56046.49016546046	0.9997292191548557	0.0005900445702693351
56046.51060009668	0.999758997744023	0.0005901864592128515
56046.531034633	0.9989390209598522	0.0005902682190031798
56046.55146906942	0.9994197872629847	0.0005904552454674107
56046.571903705975	1.0007473057097585	0.0005901198220493916
56046.592338242655	0.9988788328613482	0.0005900043477879786
56046.61277267945	0.9995020882541344	0.0005900609796128136
56046.633207316336	1.00027099597733	0.0005897878261735891
56046.65364185336	0.9992485392022429	0.0005899457554108037
56046.674076490504	1.0000783728082518	0.0005900430218070788
56046.69451092776	1.0004029567348653	0.0005901722419294438
56046.71494546514	1.0013285556305962	0.0005905498027369818
56046.73538010263	0.9997089010055212	0.0005904645392559002
56046.755814540214	0.9995035296984455	0.0005905071301249893
56046.776249077935	1.0000616324100693	0.0005906442515428097
56046.79668371575	0.999886703372852	0.0005906664352817631
56046.8171181537	0.9994117824528327	0.000590705813834472
56046.83755269178	1.000593546404178	0.0005909116578407414
56046.878421768255	1.0009803913610276	0.0005911159803490871
56046.898856406646	0.9992085801727475	0.0005910263084440235
56046.91929084519	1.0013221302916144	0.0005913301841678674
56046.93972538381	0.9999177565074177	0.0005912955342771169
56046.96016002256	0.9992330578396774	0.0005913407028398072
56046.98059456145	0.9991403217856504	0.0005914369384948505
56047.0010290004	0.9996967556752986	0.0005915661959787493
56047.02146363952	0.9991421894401785	0.0005916626427778186
56047.04189817873	1.0004114040195482	0.0005918794499042394
56047.06233271805	0.9996410339230879	0.0005919028634546664
56047.082767257496	1.0008715320874042	0.000592115466582586
56047.1236364367	0.9995060337436978	0.0005923135999623573
56047.144070876464	0.9993827485150908	0.000592407213590252
56047.164505416375	1.000561034138269	0.0005926592410365798
56047.184940056395	1.0006740313426907	0.000592819172191303
56047.20537449651	1.000407819961547	0.0005929466171222881
56047.22580913674	0.9994285260195902	0.0005930050351070033
56047.24624367708	0.9995331644995178	0.0005931715273333428
56047.26667811754	1.0000305544269115	0.000593355567409457
56047.287112758124	0.9997853799095773	0.0005935095222677606
56328.022632469954	0.9996205018497863	0.0005309322609388454
56328.043065794394	1.000214939746029	0.0005308066665657266
56328.06349901931	1.0004197151343721	0.0005321726830607313
56328.08393224457	1.0004743437027244	0.000533787212779518
56328.10436547017	0.9994064123132792	0.0005357834132351792
56328.124798696015	0.9993577423623428	0.0005375599154581086
56328.145231922324	1.0004896988691794	0.0005391565311793306
56328.165665148976	1.0000329033788038	0.0005386843056523458
56328.18609837598	1.000014806880546	0.0005410699984282844
56328.20653170334	0.9997215258829615	0.0005418664076554656
56328.22696483104	1.0002735358180588	0.0005421212158170618
56328.247398159096	0.9992315558459468	0.0005373468639410258
56328.2678313875	1.0006027531636326	0.0005395576015963613
56328.288264516246	0.9998244380400049	0.0005433196678225682
56328.30869784535	0.9995819428488488	0.000543654822550496
56328.32913107492	1.0001254144416118	0.0005432829120477368
56328.34956420471	1.0000849465855475	0.0005430735483227259
56328.369997534865	1.0000515545857283	0.0005390843214599155
56328.390430765474	1.0003504758136836	0.0005396538739779195
56328.41086389632	1.0005003345800656	0.0005418204914920155
56328.43129722752	0.999613822805813	0.0005404428646821686
56328.45173045919	1.0001030328054576	0.0005415772184247174
56328.47216369119	1.0000485572094748	0.0005397117864314095
56328.49259692344	0.9998343213705393	0.0005379392593909368
56328.513030156144	0.9995177997461349	0.0005368343450996175
56328.533463389205	0.9995612181163037	0.0005343492763030709
56328.5538966225	0.9993473139827864	0.0005322570572624969
56328.57432985626	1.0005364029603514	0.0005308851903841789
56328.59476309036	1.000169817409828	0.0005297733801122336
56328.61519632482	0.9997741979655723	0.000529135367758888
56328.63562965962	0.9991065540277327	0.0005285812819523349
56328.65606279478	1.0002309964732525	0.0005284982565894244
56328.67649603028	0.9995823476011214	0.0005284329087187474
56328.69692936613	0.9999540296861665	0.0005287915256381147
56328.717362502335	1.0001905575168302	0.0005300872950500918
56328.73779573889	0.9996807235903709	0.0005306755494574769
56328.778662313154	0.9996745097681508	0.0005293134809269017
56328.819528788816	0.9991720697766596	0.0005300500867794154
56328.839962027116	1.0004866379065207	0.0005301500704974531
56328.86039526588	1.000145627956502	0.0005297491194042606
56328.88082850487	0.9998217887060291	0.000530375382917068
56328.90126174434	0.9994565174783676	0.0005302511366694999
56328.92169508415	1.0002418822454053	0.0005295796764289478
56328.94212822419	0.999915497375115	0.0005292773326602337
56328.9625614647	0.9997504636821806	0.0005293868835624505
56328.98299480556	1.0002139785232762	0.0005289373490829802
56329.003427946765	0.9992023686717098	0.0005285766545124336
56329.023861288326	1.0005958385054488	0.0005286794776599118
56329.044294530235	0.9997720517182227	0.0005287828198093724
56329.064727672485	1.0009095567964508	0.0005288269084103601
56329.08516101509	0.9993773179372111	0.0005286063461202387
56329.105594158165	1.000200515849904	0.0005286709786482779
56329.126027401464	0.9999793836939413	0.0005286639789981605
56329.14646074512	0.9991119920406601	0.0005286270078393612
56329.16689388924	0.9998328533528739	0.0005288510223769374
56329.187327133586	1.0007427800608657	0.0005289990168086742
56329.207760478406	0.999074118020582	0.0005289469250393806
56329.22819362346	1.0007161374234972	0.0005292896609719341
56329.24862696897	0.9994376110666541	0.0005293374594332967
56329.269060214836	1.0001047194317172	0.000529464540834133
56329.309926707494	1.0018975142653168	0.0005303137277562341
56329.33035995441	0.9993917906643806	0.0005302903818555319
56329.35079320167	1.0003792211399334	0.0005306930272874624
56329.37122644928	0.9997956523571865	0.0005309357362881582
56329.39165969724	1.0005838307056105	0.0005313587696066314
56329.412093045554	0.9998702323449505	0.0005315886719369653
56329.43252629421	0.9994541157743891	0.0005318757699163417
56329.45295944333	0.9995229004493229	0.0005322749184574741
56329.473392792686	0.9996709595820571	0.0005326304857561831
56329.49382604251	0.9995697361452908	0.0005330146871321608
56329.514259191405	0.9995789599637154	0.0005334328640582782
56329.53469254181	1.0001760560806598	0.0005338833832358114
56329.55512579268	0.9987379827224507	0.0005341210489986028
56329.57555894378	1.0006458034928882	0.0005347819727616086
56329.59599229535	1.0002453356004428	0.0005351733100685289
56329.61642554727	0.9997103499220029	0.0005355179691805363
56329.63685889954	1.0009821412905373	0.0005361161983970303
56329.65729205216	1.0005072351869357	0.0005361559043653881
56329.67772530512	1.001634451417258	0.0005359546424064051
56329.69815865844	1.0009091398759171	0.0005355151622020623
56329.718591812096	0.9994724724192493	0.0005350125857458641
56329.73902506611	0.9993895476738088	0.0005347074061168135
56329.759458320594	0.9993001535195412	0.0005342301544424812
56329.77989157531	1.0004622679657567	0.0005342481363223813
56329.800324930366	0.9997271593934968	0.0005338682186077368
56329.820758085894	1.0003429879214163	0.0005336559233055577
56329.84119134165	1.0003106927866285	0.0005333990935325675
56329.86162469788	0.9997894704749963	0.0005330824341144437
56329.882057854455	0.9998706757619746	0.0005328581373509587
56329.90249111138	1.0004846700404848	0.0005327263227720086
56329.922924468534	0.9997252147821043	0.0005323895687941988
56329.94335772616	1.0008743664473825	0.0005321455512029388
56329.963790984126	0.9998551968770364	0.000531980988654615
56329.984224242566	1.0007666657320322	0.000531910401433541
56330.00465750124	1.0001691000629218	0.0005316305786216832
56330.02509076025	1.0001787218925349	0.0005311479011604306
56330.045524019624	0.9999759816996711	0.0005312402470741705
56330.06595727946	1.0003594199431223	0.0005311395363434311
56330.086390639524	1.0005544348437008	0.0005308373589762277
56330.10682380006	1.0001749980755301	0.0005307948033742882
56330.12725706083	1.0002360263897545	0.0005306738431566688
56330.147690422054	1.0004061248722322	0.0005305402151466274
56330.16812358364	0.9993828638442024	0.0005303347556494078
56330.18855694557	1.0007654071839063	0.0005303890580446108
56330.20899020773	0.9998711290424829	0.0005301655120953188
56330.229423370474	0.9993511273971104	0.0005298466868451833
56330.249856733455	1.0003086068738407	0.000529999368088069
56330.27028999678	1.0002154182485026	0.0005299344602977618
56330.290723160455	1.0004244465268715	0.0005298525218432108
56330.31115652448	0.9997650638717241	0.0005297038454708113
56330.33158978897	1.0005401541243608	0.0005297239191145263
56330.3520231537	1.0014090466909986	0.0005297665320701608
56330.37245631889	1.0002227930615513	0.0005294179803011124
56330.39288958442	0.9991992242722744	0.0005294083082182265
56330.413322850196	1.001515893685793	0.000529642601583176
56330.433756116436	0.9999591192675749	0.0005294490231324266
56330.45418938302	1.0007942231231883	0.0005295042955600042
56330.474622649956	0.9998515140233313	0.0005290374459808477
56330.49505591724	1.000202890629294	0.0005293708426382368
56330.51548918487	1.0000096727852474	0.000529345802757098
56330.53592245286	1.0000842640015941	0.0005291717278645062
56330.55635572131	1.0008749006289306	0.0005292722896340348
56330.57678908999	0.998932097860629	0.0005290507458262893
56330.59722235914	1.0004027560919286	0.0005293917457765529
56330.61765552852	0.9998530319326665	0.0005293354574349555
56330.63808889836	0.9992171984038497	0.0005292974554329182
56330.65852216844	0.9999704635685045	0.0005293956076311882
56330.67895533899	0.9998751975732155	0.0005290752840066042
56330.699388709996	1.0005194392162373	0.0005295005696561554
56330.71982198124	0.9994541545356732	0.0005293970096586236
56330.74025525272	1.0003177279713256	0.0005295245885452923
56330.76068852466	1.0003200516547541	0.0005292530812728342
56330.78112179707	0.9989786580026847	0.0005294535413785929
56330.8015551697	1.0000522042581694	0.0005292973473035405
56330.82198834281	0.999483704650253	0.0005292581473289412
56330.84242161615	1.000117359944499	0.0005296863301308732
56330.86285498995	1.0005519163670844	0.0005297882234518194
56330.903721438495	1.0001082960284318	0.0005298706291897857
56330.92415481323	0.999704639253661	0.0005296005167408016
56330.94458798843	0.999867432184499	0.0005299988428136721
56330.9650213641	0.9990984213768914	0.0005299790635076699
56330.985454639995	0.9974925525723095	0.0005295498809969822
56331.02632119296	0.9975062070626937	0.0005297010316295635
56331.108054203076	0.9970690359862829	0.0005299607678278963
56331.12848758154	0.9959755659017879	0.0005299033672238833
56331.148920860236	0.9963166715555534	0.0005300344356296317
56331.16935413939	0.9960804312182292	0.0005296441161412457
56331.18978741902	0.9959998801058072	0.0005301593666536662
56331.21022069888	0.9965193706453499	0.0005303089991458184
56331.230653978964	0.9958902383054605	0.0005301817063829866
56331.25108735976	0.9952390993737581	0.0005289980751282736
56331.27152054055	0.9952727282097593	0.0005287291025913017
56331.29195392203	0.9960686385062643	0.0005288891271260248
56331.31238720352	0.9957333046275191	0.0005291693301676633
56331.353253768124	0.9957244292831245	0.0005302504751613385
56331.37368705078	0.9960322782437674	0.0005310943319235885
56331.3941202339	0.9960162405879724	0.0005311696733674418
56331.41455361748	0.9958119039955905	0.0005312764092221461
56331.434986901295	0.9966683564094876	0.0005314793945265209
56331.455420085345	0.996037926328539	0.0005315267911288645
56331.47585347009	0.9960784832093035	0.0005316507515642728
56331.49628675484	0.9967099970411202	0.0005318093051275686
56331.51672014028	0.9961474203586261	0.0005318635062002849
56331.53715332573	0.9966976605520562	0.0005320369240702296
56331.557586611874	0.995896496955081	0.000532076510269965
56331.57801999825	0.9967944859164628	0.0005323011803418352
56331.59845318486	0.9968946118274069	0.0005324251434192742
56331.70061962397	0.9988958078011446	0.000533231391378141
56331.741486302075	1.000539184988398	0.0005337118808546955
56331.761919491706	1.0010068076314738	0.0005340379707678107
56331.78235278181	0.9999391550463966	0.0005338601578047122
56331.80278617215	0.9998535237409989	0.0005339788722553125
56331.82321946271	0.9995578526342196	0.000534051553904647
56331.84365265375	0.9996254960902209	0.0005341766521813161
56331.88451933698	1.0007281400375019	0.0005348745262708145
56331.90495262918	0.9992836089128077	0.0005345162133393825
56331.92538592161	0.9998711277056385	0.0005347181920739984
56331.9458192145	0.9997086926097044	0.000534817179180247
56331.98668580123	1.0000732196124111	0.0005349732706930308
56332.00711909529	0.9995481931393322	0.0005346561616608793
56332.027552489584	0.9993456776849127	0.0005343968955356431
56332.047985684345	1.0009802751160581	0.0005345081521439053
56332.06841907933	1.0008671945734773	0.0005344326293078011
56332.08885237456	0.9998226672199181	0.0005337647185690315
56332.109285570485	1.0006669959057424	0.0005336739404693926
56332.12971896664	1.0010048583823519	0.0005334748818773035
56332.15015226303	0.9998553571488298	0.0005331465171907559
56332.170585459884	1.0011081986492345	0.0005330792043937373
56332.19101885697	0.9993848016574535	0.0005327123649176438
56332.211452154756	1.0000428076134291	0.0005326091192815256
56332.23188555254	1.0003374872827178	0.0005324520146705552
56332.25231875079	1.0011163339746647	0.0005323511463367196
56332.27275204951	0.9994587234815246	0.0005320006356847682
56332.29318544846	1.0000260127281704	0.0005319068314847103
56332.31361864787	1.001219576696982	0.0005322020747838828
56332.33405194776	1.000162757786357	0.0005316251436100985
56332.35448524764	1.0007549997797398	0.0005315516275612454
56332.374918548216	1.0006838930436233	0.0005314108018477762
56332.39535184903	0.9988338311996808	0.0005310683222477087
56332.41578515031	1.00106232448175	0.0005315056936840622
56332.43621845182	1.0003028008416504	0.0005309784062771804
56332.4566518538	1.0005222210996378	0.0005309238066901541
56332.49751835868	0.99895149751252	0.0005305299300704932
56332.51795176159	0.9997936828519972	0.0005305411310589279
56332.53838506497	0.9993947774589689	0.0005304068626232725
56332.55881826857	1.0010556993088935	0.000530809067237114
56332.57925167264	0.9996471994886762	0.0005302956159855277
56332.59968497718	1.0010187158715937	0.0005305392682925763
56332.62011838195	1.0001304747381432	0.0005302058511319507
56332.64055158719	1.0003203263157476	0.0005301817115746148
56332.66098489266	1.0009327036382951	0.0005302172835405432
56332.68141829859	0.9986929960645098	0.0005298939376967437
56332.70185150499	0.999216790330962	0.0005299072232147017
56332.72228481162	0.9994795720392445	0.0005299111022573672
56332.74271821849	1.0001778181620704	0.0005301353894864725
56332.763151425825	0.9991250365744961	0.0005298316040015887
56332.783584733625	1.000566743124657	0.0005302981745015097
56332.80401814165	1.0004047929434134	0.0005299608863923538
56332.82445135015	0.9999405633532781	0.0005299127160582666
56332.84488475887	1.0002842760962705	0.0005299454037548774
56332.86531806807	0.9999042325915464	0.0005299261886198402
56332.8857512775	1.0006213063536293	0.000530027839553203
56332.90618468739	0.9996677158216939	0.0005299147871341709
56332.92661799775	1.001541841430533	0.000530334392262251
56332.94705130834	1.0002533488791376	0.0005300468138950603
56332.967484619396	1.0012010080364664	0.0005305096502578286
56332.98791793069	0.9992747358595758	0.0005300333561346334
56333.008351242446	0.9995009716447706	0.0005300752668655966
56333.02878455443	0.9999767147882964	0.0005301904799881581
56333.04921786689	1.0000299709509615	0.000530386235207293
56333.069651179576	0.9992749330168887	0.000530202453915249
56333.090084492724	1.0001964364450997	0.0005305210180807343
56333.110517806344	0.99984555558595	0.0005303914258440185
56333.1309512202	1.0004571122586567	0.0005305269297142509
56333.15138443451	0.9998060252796642	0.000530564284700328
56333.17181774906	0.9999315700786663	0.0005306270607335068
56333.19225116408	1.0000143992498758	0.0005307262711326578
56333.21268437932	0.99888905949527	0.0005308589773317539
56333.23311779504	1.000231988654438	0.0005309306288883037
56333.25355111122	1.000838893847184	0.0005310964520884213
56333.27398432763	1.000741093615348	0.000531193851532429
56333.29441774428	0.9998812290286891	0.0005311604181842763
56333.31485106162	0.9994574417752664	0.0005312026701693427
56333.33528427896	1.0002890275469063	0.0005313873207086674
56333.355717697006	1.0000550774978174	0.0005314986582870368
56333.37615101528	0.9999066310725487	0.0005305602117119989
56333.39658443379	1.0001333616300128	0.0005301907928569987
56333.41701765276	0.999290093883776	0.0005306053771365717
56333.43745097197	1.0009712058073372	0.0005321405099038425
56333.45788439187	0.9995019562349035	0.0005319244676708056
56333.47831761178	0.9996171464410353	0.0005320585811792874
56333.498750932384	0.9995964698495857	0.00053213889377072
56333.51918435298	1.00005397581283	0.0005324481645933144
56333.539617574286	1.0013037759497483	0.0005325628232020905
56333.56005089582	0.9996342429915813	0.0005324523664698061
56333.58048431759	1.0009346102179466	0.0005328878701804905
56333.60091763982	0.9999680721249572	0.0005326965273584322
56333.621350962516	1.000461453980261	0.0005331730795827203
56333.64178428545	0.9993152564094832	0.0005328325837243949
56333.66221750885	1.0002522044938251	0.0005330380668377058
56333.682650932475	1.0003657371758925	0.0005331948853058502
56333.70308425657	1.0005375677052795	0.0005334336074116304
56333.723517481136	1.0002388139489509	0.000533344854270908
56333.743950905926	0.9991114179130677	0.0005333264353260079
56333.764384230955	1.0016352742661978	0.0005337400139545006
56333.78481755645	0.9995438127990781	0.000533576386648796
56333.805250882404	0.999887127182245	0.0005337168942886728
56333.8256842086	1.000732953719762	0.000533922259835037
56333.84611763526	0.9990340958556913	0.0005338167661113246
56333.866550862374	0.9997863105886426	0.0005339877065089913
56333.8869841895	1.0005126741360384	0.0005341829317984798
56333.90741761732	0.999057258813702	0.0005340881682984516
56333.92785084537	1.0002889377051944	0.0005346554085749402
56333.94828417389	0.9999627683503247	0.0005343799391824588
56333.96871760265	0.9990967729547691	0.0005343401357437463
56333.98915083186	1.00028479490763	0.0005346016898684423
56334.009584261315	0.9994199047550174	0.000534572388221082
56334.030017591234	0.9994807740151728	0.0005346678218184751
56334.05045082161	0.9996966539365665	0.000534741291770556
56334.07088425223	0.9994496294122673	0.0005348091080283465
56334.09131758308	0.9998402592538438	0.0005349170917154849
56334.11175091439	0.9988281245617203	0.0005348574634295606
56334.13218424617	0.9996517208083964	0.0005350421222858178
56334.15261757842	0.9991857383594134	0.0005350331877555077
56334.17305101066	0.9996690275640321	0.0005351514060310924
56334.1934842436	1.000172560384845	0.0005352509759814011
56334.21391757678	0.999608659033162	0.0005352355273532958
56334.23435101042	1.0000275843664876	0.0005353462802877693
56334.275217578404	1.0002987207196916	0.0005354369875049871
56334.295650913205	0.9988895519595586	0.0005353258208752374
56334.31608424825	0.9998052710048644	0.000535465836088713
56334.33651758352	0.9996130570079976	0.0005354883379412492
56334.356951019254	0.9998548576704739	0.0005355645797290445
56334.37738425546	0.9997254123133344	0.0005356008942691357
56334.39781769189	0.9997943382470078	0.0005355858103801535
56334.418251028794	1.0006092349801425	0.0005357245326911609
56334.43868426593	0.9985126197917856	0.0005355028193367417
56334.45911770353	1.000114933824503	0.0005357142191644693
56334.47955104136	1.0007362728837217	0.0005358079872708919
56334.49998427966	1.0005167629130007	0.0005357922279011191
56334.52041771842	0.9998209085504423	0.0005357061973806799
56334.54085105742	0.9997633387841856	0.000535696115605819
56334.56128449665	1.0000175505437592	0.0005357072340544883
56334.58171773658	0.9994425956137281	0.0005356462605594559
56334.60215107674	1.0001385093427266	0.0005357423726878672
56334.622584517136	1.0002923408885076	0.000535743448502695
56334.64301775799	0.9994088887165125	0.0005356346156277676
56334.663451099084	0.9997705066901018	0.000535634859455042