55467.5891115159	0.9997868062679721	0.0006462117566623507
55467.62997729796	1.0000956910419558	0.0006462463833910041
55467.65041018876	1.000742176291143	0.0006462655686590465
55467.67084317909	1.0003452009380636	0.0006462014358569628
55467.69127596919	1.0001019488359224	0.0006461520779993881
55468.24296410455	0.9995978369209467	0.0006456295616822867
55468.263396887436	1.0005234145945527	0.0006457081567929576
55468.28382987008	1.000190231077669	0.0006456647822827125
55468.3042627525	1.0003452788607916	0.000645656588439091
55468.32469553445	0.9997744580373876	0.0006455886948340798
55468.3451285164	1.0006964119749213	0.0006456999704818437
55468.365561397884	1.0004094220920055	0.0006456076503180909
55468.38599417937	0.9999676199046734	0.0006455129376917982
55468.406427160386	0.9991939257588656	0.00064544968369875
55468.426860041174	0.9999245036590482	0.0006455224941162831
55468.44729292173	0.9998903930336142	0.0006454871622172626
55468.467725802046	1.0003622074108043	0.0006455556556559261
55468.4881586819	1.0001623921100042	0.0006455229191964378
55468.50859156176	0.9994369354485191	0.0006454094757198122
55468.52902444138	1.0008661420665435	0.0006455696561835808
55468.549457320536	0.999633474233296	0.0006453634152714204
55468.56989029946	0.9999752883568431	0.0006453861777221755
55468.59032317838	0.9991436368802519	0.0006452881689259744
55468.61075595684	0.9999897621437787	0.0006453907600280966
55468.63118893506	0.9996194961007395	0.0006453242187269634
55468.65162181306	1.00094227239039	0.0006455066549026544
55468.67205459082	0.9994218919201731	0.0006452837787099813
55468.692487568114	0.999239391153011	0.0006452276235073427
55468.7129204454	0.9989245618536344	0.0006452001946772488
55468.73335322223	0.9992055556725169	0.0006452317892447465
55468.75378619906	1.0000223646044621	0.0006453065704597042
55468.77421907542	0.9992456148271692	0.0006451734685991322
55468.79465185155	0.9992879828295265	0.0006451846056210919
55468.81508482745	1.0002511690706435	0.0006452932860033162
55468.83551770311	0.9994873490238201	0.0006451578183256616
55468.855950578545	0.9971336920911192	0.0006448438177814411
55468.87638345374	0.9968864081600296	0.0006447687951021392
55468.896816328706	0.9963056665840578	0.0006446613133478837
55468.91724920321	0.9971372565555889	0.0006448059690554964
55468.93768207771	0.9956793320696802	0.0006445725356095861
55468.95811495174	0.9954461739411252	0.000644568588029413
55468.978547825776	0.9954999637817606	0.0006445273066311826
55468.99898069934	0.9947233225083192	0.0006444081945793923
55469.01941357268	0.9957343465644141	0.0006445527231624649
55469.03984644578	0.99664518439003	0.0006446062006322817
55469.08071219129	0.9958341145190233	0.0006445280707400963
55469.10114516346	0.995228127643547	0.0006444571786135368
55469.12157793563	0.9940873756837647	0.0006442715778154211
55469.14201090757	0.9958808550704615	0.000644486588545751
55469.162443779045	0.9945777523328856	0.0006442948813139342
55469.18287655028	0.9953715174168255	0.000644395726625514
55469.20330952152	0.9953616658779181	0.000644413833882495
55469.2237423923	0.9955352960484405	0.0006444082964757825
55469.244175162836	0.9963231462614016	0.0006444866695711464
55469.26460813315	0.9963200987606021	0.0006444979014960457
55469.285041003226	0.9971869719066085	0.000644591726801761
55469.30547377283	0.996091876869411	0.0006444666474406542
55469.325906742444	0.9955195075480235	0.0006443746931301871
55469.346339611824	0.995253790585262	0.0006443500019373969
55469.36677238073	0.9959454386479657	0.000644382612903977
55469.387205349645	0.9968491078871812	0.0006444744930936208
55469.407638218094	0.9956762983961133	0.0006443243155807107
55469.4280711863	0.9960442068853655	0.000644394710804775
55469.448503954285	0.9971705808674398	0.0006444985888738655
55469.468936822035	0.9969346599825204	0.000644481456524616
55469.489369789546	0.9961787203121895	0.0006443694494253905
55469.50980255683	0.9964137171056041	0.0006444025628293259
55469.53023542388	0.9970243410457852	0.0006444458763729803
55469.55066829069	0.9976800421613078	0.0006445461430624212
55469.571101157046	0.998998565863716	0.0006447160042780777
55469.5915340234	0.9996648305406658	0.0006447673754842904
55469.61196698928	0.9996420366783401	0.0006447995780648722
55469.63239975493	0.9998772397847742	0.0006448330401287277
55469.65283262059	0.9991469298559348	0.0006447293346186828
55469.67326558577	1.0003429267304482	0.0006448532517276346
55469.693698350726	1.0006787706588878	0.0006449240478414597
55469.71413131544	0.999091425406582	0.00064469151762859
55469.73456417993	0.99892008561954	0.0006446381752249615
55469.75499694419	0.9991576334618603	0.0006446775702533045
55469.77542990798	0.999258106810031	0.000644651552961497
55469.79586277177	0.999281622974666	0.0006446780743713155
55469.816295535325	0.9991866043714935	0.0006446258397106569
55469.83672849841	1.0012351563989865	0.0006448867910978096
55469.85716136127	0.9993711720526199	0.000644659003728016
55469.87759412413	0.9994446698208782	0.0006446359810608089
55469.89802708653	1.0001819319359109	0.000644741120019642
55469.91845994868	0.9999564896458862	0.0006446997128532632
55469.93889281061	1.000080608268315	0.0006446947262546447
55469.9593256723	0.9999639278441941	0.0006446569343761146
55469.979758533766	1.000768797162645	0.0006447984689269846
55470.000191495	0.9996057153011016	0.0006446045554182993
55470.02062425576	0.9999996938851546	0.0006446862436218744
55470.04105711652	1.0002929066515869	0.0006446917673810848
55470.06149007705	1.001162665317709	0.0006448347186780109
55470.08192293711	1.0006002123650068	0.000644690192222952
55470.10235569718	0.9996079348541933	0.000644554777516697
55470.12278865678	1.000040827785664	0.0006446144052479175
55470.14322151614	1.0004217310680839	0.0006446702960155561
55470.163654275275	1.0004423577621628	0.0006446621295924639
55470.18408723418	1.0000496018908618	0.0006445887399839179
55470.20452009284	0.9989924668985384	0.0006444295972652981
55470.22495285128	1.000827614562052	0.0006446795020688699
55470.24538580948	0.9992496972141486	0.0006444663118314461
55470.26581856745	1.0007788863578901	0.0006447060187394385
55470.28625152518	1.0015811836586173	0.0006447812845046002
55470.306684382456	0.9996492653225734	0.000644483904599155
55470.32711713972	0.9991365156021813	0.0006444611056725614
55470.34755009653	1.0008122245095603	0.0006446640354790049
55470.367982953336	1.000130669647604	0.0006445301643098188
55470.388415709676	0.9993912224211862	0.0006444193181633306
55470.40884866578	1.0004667580540885	0.0006445640479405317
55470.429281521654	0.9999866240661095	0.0006445080725286466
55470.44971437729	0.9998520416692525	0.0006444440041464488
55470.4701472327	0.9992520962746657	0.0006443732030593861
55470.49058008788	0.9999073671803781	0.000644444517598342
55470.511012942814	1.0003202654231809	0.0006444956771965199
55470.531445797526	0.9999941391274809	0.0006444345261858778
55470.551878652004	0.9993220300043392	0.0006443605841440508
55470.57231160601	1.0009800689935773	0.0006445676664998733
55470.61317721357	0.9997882778617417	0.0006443664529940618
55470.63361016711	1.0008214606394679	0.0006445566634726702
55470.65404302019	0.999085112230381	0.0006442829255358527
55470.67447577304	0.9990852103070852	0.0006442693346178578
55470.69490872588	1.0010760311504956	0.0006445015459142959
55470.73577433042	1.0003795958089958	0.000644388971778803
55470.75620728233	1.0025710935590355	0.0006447291513208531
55470.77664013401	0.9997176742406504	0.0006443145017162913
55470.79707288546	1.001128510117185	0.0006444689169136127
55470.817505836676	1.000158825196075	0.0006443450230181035
55470.83793868743	1.0005903139425965	0.0006443921551063026
55470.85837153818	0.9988070389859767	0.0006441422518999823
55470.878804388696	0.9997400265542488	0.0006442314101501262
55470.89923723875	1.000117466780363	0.0006443049968987141
55470.919670088806	0.9998032094098931	0.0006442697254077118
55470.94010293839	0.9998511270706032	0.0006442575085934511
55470.960535687744	1.0002338246558073	0.0006442836989037479
55470.9809686371	1.0005407839029097	0.0006443260566919804
55471.001401485984	0.9994214117955075	0.0006441676765924769
55471.02183433464	1.0000397526034326	0.0006442593359532695
55471.04226718307	0.9989754095810472	0.0006440974362002008
55471.06270003125	1.0013719379802346	0.0006443966303721834
55471.08313287921	1.0003889884065862	0.0006442771537733251
55471.10356582694	0.9996504947534637	0.0006441499816288537
55471.123998574425	1.000091302173733	0.0006442024316151497
55471.144431521454	0.9994493007844584	0.0006441113888817497
55471.164864368475	0.999860171596127	0.0006441985184895193
55471.18529711527	0.9997345971090548	0.000644148574591288
55471.22616290793	0.9999675436502278	0.0006441196523228868
55471.246595653785	0.9999384194898041	0.000644120912405578
55471.26702859965	1.0007364257178164	0.000644180706857541
55471.28746144504	1.0003176462359378	0.0006441420011238099
55471.307894190206	1.0001269800648593	0.0006440741312902953
55471.32832713514	1.0004511583437075	0.0006441007676962825
55471.34875998007	1.0013772105784369	0.0006442610648193799
55471.36919272453	1.000634452738832	0.000644177009270869
55471.389625668766	0.9992953813478915	0.00064398748493104
55471.41005851276	1.000792673330486	0.0006441567122155449
55471.43049145653	1.00002423157147	0.0006440536906668317
55471.45092419983	1.0004538840477404	0.000644069040262147
55471.47135704313	1.000209039203335	0.0006440402303144776
55471.4917899862	0.9995090093883108	0.0006439561939752647
55471.512222729034	1.0007469220396124	0.0006440753228857409
55471.5326555714	0.9992481385662346	0.0006439334531665532
55471.55308841377	1.0006819378397722	0.0006440172208792942
55471.573521255676	1.0002365024711797	0.0006439819543776296
55471.593954097574	0.999717313012819	0.0006439122030782675
55471.614386939014	0.9998270947964213	0.0006438899289670726
55471.634819780455	1.0010855133778407	0.0006441177461831302
55471.65525262142	0.9998922782076184	0.0006439471915980855
55471.675685562164	1.0001911221236777	0.0006440002056715547
55471.69611830267	1.0006980104127337	0.000644009784091004
55471.716551243175	1.000081994221354	0.0006438927338117258
55471.73698408322	0.999190196938465	0.0006438159558944062
55471.75741682303	1.0004539344692926	0.0006439289437350971
55471.7778497626	1.000091640163792	0.0006438668229241616
55471.79828260194	0.9992453130452376	0.0006437721872567684
55471.81871534082	0.9989177452611163	0.0006437353028644996
55471.839148279694	0.9997378160255661	0.0006437691493296208
55471.85958111834	0.999347671659135	0.0006437628291256622
55471.88001385675	0.9993499012394905	0.0006437063890540089
55471.900446794694	1.0007079936244145	0.0006438862688514217
55471.92087963264	1.0000570828365851	0.0006437793838794977
55471.94131247036	0.9996612230601162	0.000643717635054841
55471.9617453076	1.0001234940359434	0.0006437706356750974
55471.98217814485	0.9999460038272334	0.0006437746930990803
55472.002611081625	0.9998130112675657	0.0006437402398972398
55472.023043818175	0.9989441079125237	0.0006436354427938628
55472.043476654726	0.9993111778142949	0.0006436783128271245
55472.06390959081	1.0009434605493657	0.0006438751100422762
55472.08434242666	1.0009829692343268	0.0006438660953978361
55472.10477516251	1.0001923730707107	0.0006437486181889223
55472.12520809789	1.00008909642918	0.0006436878200359299
55472.14564093304	0.9992646533380722	0.0006435971825438019
55472.16607366796	1.0004559286284684	0.0006437488705763026
55472.18650660265	0.9995740833585431	0.0006436127278471276
55472.2069393371	0.9997134442742656	0.0006436422099371582
55472.22737217132	0.9999894452555488	0.0006437073216633565
55472.247805105304	0.9989072368819882	0.0006434949140001941
55472.26823783906	1.0008192275322325	0.000643757083729638
55472.28867077235	1.0002697893487607	0.0006436602256106124
55472.32953633869	0.9995685065830515	0.0006435442250103955
55472.34996927129	1.000019042714394	0.0006436083098282456
55472.37040210387	1.0000544715358128	0.0006435817172120821
55472.39083483623	1.0000611968811406	0.0006435496190722198
55472.411267768126	0.9990361033918719	0.0006435060283780049
55472.43170060002	1.0000742936242248	0.0006435606712331786
55472.45213333144	0.9995419806422485	0.000643501028700075
55472.47256626287	1.0005851878283882	0.0006436477860409435
55472.492999093825	0.9997907255366837	0.0006435625862647894
55472.513431924555	0.9990259518885795	0.0006434202182282965
56040.645891844375	1.0006350514451507	0.0005896640808475514
56040.66632634258	0.9993301896735408	0.0005895599644741312
56040.68676094095	1.0003568106552123	0.0005896635061587423
56040.70719533945	0.9992270482160094	0.0005895312764340226
56040.72762983806	0.999829071283338	0.0005896112974272314
56040.7480644369	0.9994175576617101	0.0005896663610609877
56040.7684988358	1.0003597149553418	0.0005896332852018763
56040.78893333488	0.9999250360603431	0.0005895938386907301
56040.809367934125	0.9990196577458225	0.0005895040727908107
56040.82980243355	1.0001443652192734	0.0005896223104404081
56040.850236933096	1.000249962401614	0.0005896485063296058
56040.870671332756	1.0008999256267601	0.0005896856260140224
56040.891105932584	0.999675448246796	0.000589607565275879
56040.93197493271	1.0017159188609173	0.0005897650760023884
56040.95240933295	0.999254609832613	0.0005895332213116133
56040.97284393337	1.0000174705748168	0.000589596496607634
56040.993278433954	0.9994983633765642	0.0005895429498324294
56041.01371283466	1.0004986665094615	0.000589598468580778
56041.034147435545	0.9999572330416232	0.0005895541592568788
56041.054581936536	0.9990825335641714	0.0005894878177217208
56041.07501653765	0.9997505097094705	0.000589530389282338
56041.095450939	1.0002068028202284	0.0005895575711051788
56041.1158854404	0.9997600768437003	0.0005894900268042185
56041.13632004198	0.999518762429637	0.000589467706393464
56041.156754443735	1.0009531527545863	0.0005895989069644223
56041.1771889456	1.0005253899281128	0.0005895631768749016
56041.19762354765	0.9992629555157841	0.0005894312359018169
56041.21805794981	0.9993112031061485	0.0005894615626461034
56041.23849255214	1.0004669914778412	0.000589540222807347
56041.27936145722	0.9992502714098809	0.0005894460272849054
56041.29979605996	1.000463727642346	0.0005895292545324649
56041.32023056288	0.9998484456103337	0.0005894972888538006
56041.340664965915	1.0003989801413915	0.0005895459683130175
56041.36109956912	0.9991310121435242	0.0005894395498147804
56041.38153407245	0.9995675629178288	0.000589443017812967
56041.40196857595	1.0000276956869099	0.0005894807123458349
56041.42240307956	1.0009111706979326	0.0005895408977800582
56041.44283758335	1.0000561715721696	0.0005894983697534796
56041.46327218726	1.0006517777057575	0.0005895355338231103
56041.48370659128	1.0003414285099659	0.0005894981565613024
56041.50414109548	0.9994312058106691	0.0005894408098751354
56041.52457569985	0.9997549024697923	0.0005895162252517555
56041.54501010434	0.9998510099705343	0.0005894634770750892
56041.565444609005	0.9997154458887981	0.000589462030916112
56041.58587921373	0.9992029579171657	0.0005894050216904416
56041.60631361868	1.0010521721697365	0.0005895647693730859
56041.62674822375	1.0001054103212899	0.0005895016828154938
56041.647182728935	0.9992718595266082	0.000589427570040925
56041.6676171343	0.9999278201540684	0.000589475510221638
56041.708486245436	1.000909415132824	0.0005895391988520133
56041.7289206512	0.9987691453522654	0.0005893660863046298
56041.74935525715	0.9992627706860598	0.0005893993555545409
56041.7697897632	0.9993767820379199	0.0005894165601587419
56041.79022416944	0.9989886579359962	0.0005893750045971372
56041.810658775794	0.9998446913861547	0.0005894388523569954
56041.831093282264	0.9993600784001033	0.0005894018757011825
56041.8515278889	1.0002877453652688	0.0005895177852977374
56041.87196229566	1.0002517765688854	0.0005894886852316637
56041.89239680259	1.0004827090353707	0.0005895061779931357
56041.93326581687	1.0005144023421673	0.0005895186012864028
56041.953700324215	1.000394634789674	0.0005894705018038127
56041.9741349317	1.0002413298063326	0.0005895000631638607
56041.99456933933	0.9989368225450118	0.0005893661456380358
56042.015003947105	1.0011372587142802	0.0005895673626268311
56042.03543845503	1.0007459666003784	0.0005895413069697267
56042.05587296307	1.0001261581956462	0.0005894293368824281
56042.07630747125	1.000059636657191	0.0005894775222643274
56042.096741979614	0.9997298029339905	0.0005894439637177977
56042.11717648809	1.000270094959114	0.000589494835475274
56042.13761099668	0.9999507076950296	0.0005894424282458008
56042.15804550545	0.9998444912633933	0.0005894739092090672
56042.178480014365	0.9994564520197906	0.0005894229432541491
56042.19891452339	0.999367847046825	0.0005894250100469283
56042.219349032566	1.0000540803171145	0.0005894588560358746
56042.23978364189	1.0006321954963986	0.0005895265493961173
56042.280652560934	1.0003380690421473	0.0005894989222930018
56042.301087170694	0.9996545252010773	0.0005894413428780874
56042.32152158056	0.9998055201520181	0.0005894370243947584
56042.34195609058	1.0007362254038263	0.0005895097289671063
56042.36239070075	1.0004875586465596	0.0005895272273469967
56042.38282511105	0.9999491530858361	0.0005894484426106499
56042.40325972148	1.0008977826200216	0.0005895765991383357
56042.42369423206	1.0010973898024624	0.0005895699541858844
56042.44412864277	0.9999302040735926	0.0005894651808813794
56042.464563253634	1.0002889262730572	0.0005894910514896596
56042.484997764615	0.9994742278471666	0.0005894426584995656
56042.505432175734	0.9996741419405633	0.0005894429668343754
56042.52586678704	1.0004751338952802	0.0005895071528473273
56042.546301298455	1.000909929601761	0.0005895984853622724
56042.56673570998	1.0000564343495777	0.0005894826577665746
56042.58717032166	1.0004365170284009	0.0005895616848034523
56042.607604833516	1.000359056000202	0.000589520451801533
56042.62803944545	0.9988980900045167	0.0005893836645741139
56042.64847385757	1.0003602532033107	0.0005895463063701188
56042.6689083698	1.0006251706012994	0.0005895720674253588
56042.68934298217	0.9999317514991974	0.0005894830421245082
56042.709777494696	1.0000162216049373	0.000589503574438098
56042.73021190733	1.0000204534786405	0.0005895076882513414
56042.750646520144	0.999862261164591	0.0005894969936760859
56042.771081033046	1.000634846308875	0.0005896072127464398
56042.791515546116	0.9995093022011462	0.0005894634358769448
56042.81195005931	0.9986798840421994	0.0005893766307002799
56042.83238457265	0.9998901579521419	0.0005895272013830524
56042.852819086125	1.0002011838666742	0.000589555724498134
56042.873253599726	1.0004857194271284	0.0005895506017217181
56042.8936880135	1.0000120238779981	0.0005895413283883618
56042.914122627386	1.0008709936314324	0.000589608949817084
56042.934557141394	0.9997633187292376	0.0005895203986187894
56042.95499155555	0.999269702566507	0.0005894592556395328
56042.97542616984	0.9998552691109542	0.000589545832513254
56042.995860684285	1.0008329008383139	0.0005896033402844581
56043.01629529885	1.001006968131642	0.0005896002767730201
56043.036729713545	1.0002396489235463	0.0005895365497396911
56043.05716422837	1.0004572096877207	0.0005895430427503963
56043.07759884337	0.9991174737692954	0.0005894825203184917
56043.09803325847	0.9997108772855232	0.0005895240468565515
56043.118467773704	1.0001019555266304	0.0005895498076546591
56043.13890238911	0.9996982154789011	0.0005895366077580084
56043.159336804594	1.0002084455766884	0.0005895747562894367
56043.17977142026	0.9996323288856721	0.0005895195775338411
56043.200205936046	0.9993654164631557	0.0005895275919352792
56043.24107496801	1.0006854253731252	0.0005896403197144282
56043.28194400053	1.0003123465382302	0.0005896041203715567
56043.302378516986	1.0000938546874427	0.0005895763546786057
56043.322813033585	0.9999059048661695	0.0005895875054391338
56043.34324755032	0.9998383934012789	0.000589559118179334
56043.36368206718	0.9988013871104012	0.0005894851929793993
56043.38411658419	0.9998119779493979	0.0005895896571334264
56043.4045512013	1.0004075616773143	0.0005896200196910207
56043.445420135984	0.9998401590732306	0.0005895911026377785
56043.46585475351	0.9994758311850573	0.0005895707546929317
56043.48628917118	0.9998468788870138	0.0005895805009331518
56043.50672368897	1.0001482726872375	0.0005896290179470085
56043.527158306904	1.0006661577650457	0.0005896745583532769
56043.54759272496	1.0008718473778502	0.0005896800194700764
56043.56802734315	0.9998423710774896	0.0005896051240737365
56043.588461861495	1.0005436444407425	0.0005896746779772412
56043.608896279955	0.9979699702308282	0.0005894318856955926
56043.62933089856	0.9971961047591966	0.0005893376923944395
56043.64976541728	0.997387486787802	0.0005893876805124177
56043.670199836146	0.9958093929326057	0.0005892436244433834
56043.690634455124	0.9962060731228709	0.0005892990305842981
56043.711068974255	0.9960592423886023	0.0005892943621144637
56043.7315033935	0.9968851689095987	0.0005893424475750386
56043.75193801292	0.9962646985358576	0.0005893051155459284
56043.772372532425	0.995275689386918	0.000589204016804367
56043.79280715208	0.996910013523088	0.0005893620814145835
56043.81324157187	0.9955386577252694	0.0005892338092729392
56043.83367609179	0.9962057685081566	0.0005892790419789633
56043.85411071185	0.9974752401804334	0.000589425589775738
56043.87454513203	0.9956741310795711	0.0005892507014539927
56043.894979652345	0.9956644081575723	0.0005892539091397439
56043.915414272786	0.9953016688527531	0.000589243098657761
56043.935848793364	0.9958776418164743	0.0005892738198856714
56043.956283314066	0.9969786274202862	0.0005893701480431333
56043.976717834914	0.9950913099732706	0.0005892069398048792
56043.99715235587	0.9961764019526246	0.0005892851985622503
56044.01758687695	0.9950715896237015	0.0005892203347287022
56044.038021398206	0.9960428454386266	0.0005893003695448707
56044.05845591954	0.9954489375635502	0.0005892367697348242
56044.07889054103	0.995859131554934	0.0005892607606939836
56044.09932496266	0.9963948520975529	0.0005892978324244084
56044.119759484376	0.9972219900008414	0.0005894166028636881
56044.14019400627	0.9956674875020197	0.0005892172497053236
56044.16062852828	0.9962503997306331	0.0005893166730627246
56044.181063150434	0.9955310582286497	0.0005892081147114812
56044.20149757271	0.9957805522466633	0.0005892706535625986
56044.2219320951	0.996661684753193	0.0005893357673348679
56044.242366717626	0.9959216554884003	0.000589268093179428
56044.26280114028	0.996523995036472	0.0005892972691971261
56044.283235663046	0.9979568250630203	0.0005894494081639031
56044.30367028598	0.9971928876167091	0.0005893947911373518
56044.32410470901	0.9968745147452395	0.0005893238286735373
56044.34453933219	0.9995961292371442	0.0005896060505858841
56044.364973855474	1.0007333475330897	0.0005896756084607347
56044.38540827891	1.000145767669397	0.0005896626236959882
56044.405842902466	1.000408383288227	0.0005896596903132427
56044.42627742616	1.0008881640858511	0.0005897858479171267
56044.446711949975	1.0002965262089831	0.0005896475251721477
56044.46714647391	0.9990917021852653	0.0005895482640267623
56044.48758099801	1.0014661626160197	0.0005897480811411875
56044.5080155222	0.9998399931071035	0.0005896018959682413
56044.52845004651	0.9994455830799504	0.0005895672222296581
56044.54888457096	1.0001922188569181	0.0005896373982984378
56044.569319195565	0.9984426321407811	0.000589457223960624
56044.58975372028	1.000056591628831	0.0005896052147689228
56044.61018814511	0.999626501784618	0.0005895941384528042
56044.63062277006	1.00028139084884	0.000589638609925593
56044.65105729515	1.0020541056408785	0.0005897681810274595
56044.671491720364	0.9997484622119263	0.0005895708713097497
56044.7123608712	1.000117693422739	0.0005896248438046048
56044.73279549681	1.0016630827877273	0.0005897355429449714
56044.75322992252	0.9998722167374715	0.0005895856829870283
56044.773664448396	0.9994577298528445	0.0005895316589733373
56044.794098974366	1.0004135878115812	0.0005896251712127676
56044.81453350045	0.9992759549628599	0.0005895057668409318
56044.83496802671	0.9998867401693979	0.0005895563357479793
56044.855402553054	0.9996820217160616	0.0005895437564542341
56044.87583707955	0.9997158175683348	0.0005895587129846393
56044.93714065975	1.000915610018877	0.0005896326249606743
56044.95757528673	0.9994899117575241	0.0005895242822500807
56044.978009713835	1.0007254486573718	0.000589629520329087
56044.998444241086	0.9998613239874212	0.0005895220313561054
56045.018878868446	0.9997734353637516	0.0005895131336707185
56045.03931329593	0.999558928274829	0.000589491410564083
56045.05974782356	1.0006320575997323	0.0005896198258684619
56045.0801824513	1.000342940763439	0.0005895675236850141
56045.10061697916	0.9995067362977722	0.0005894632042757632
56045.121051507136	0.9991727608936543	0.0005894204333233593
56045.14148603525	1.000042732849415	0.0005895148287002198
56045.16192056349	0.9990096393221956	0.0005894476460147934
56045.18235509185	1.0009443829857585	0.0005896008283246331
56045.22322414893	0.9994783458335161	0.0005894538397114336
56045.24365877767	1.0001913723629223	0.0005894969861525018
56045.26409320654	0.9999580385356004	0.0005894778712095888
56045.28452773551	0.9995592146464312	0.0005894562784512557
56045.30496236462	0.9998457454746607	0.0005894850820996917
56045.32539679384	0.9991668430879129	0.0005894237803801819
56045.34583142319	0.9994923974913085	0.0005894473961001111
56045.36626595268	0.9998365839929032	0.000589464490463316
56045.38670038225	1.0000659376561054	0.000589479541033608
56045.40713501198	1.000653419144996	0.0005895448778665477
56045.42756954182	1.000197234204288	0.0005894991514667412
56045.4480039718	0.9989733945758312	0.000589389238750988
56045.4684386019	1.0011392328108843	0.0005895689625536011
56045.48887313211	1.0009424006813281	0.0005895334144624282
56045.50930766245	0.9996510616534955	0.0005894387126321485
56045.5297421929	0.9998018735270854	0.0005894345043435617
56045.55017662347	1.000955704398284	0.0005895534798763826
56045.570611254174	1.0012371871222085	0.0005895668512816644
56045.61148021595	1.00110069195152	0.0005895410866908217
56045.63191484701	1.0002565823877712	0.0005894428510890475
56045.652349378215	0.9998099378695455	0.0005894329838432332
56045.67278390951	1.0008078785538648	0.0005895076674429115
56045.693218440945	1.0003638280455194	0.0005894630288749897
56045.7136529725	0.9999826143407164	0.0005894621114740317
56045.73408760417	0.9998119065420372	0.0005894235224181397
56045.75452203596	1.000839617951381	0.0005895382216373918
56045.7749565679	1.000043877515782	0.0005894365750620543
56045.795391199914	0.9993701257087636	0.0005894047924694043
56045.81582573208	0.9999224199135287	0.0005894155930595177
56045.83626016437	0.99884993036775	0.0005893504769889664
56045.85669479676	0.9993791802905538	0.000589383098644275
56045.87712932928	1.0005441865028042	0.0005895069912806607
56045.897563961946	1.000003461353499	0.0005894596341675292
56045.91799839469	1.0003714553535799	0.0005894778100433943
56045.938432927585	1.0000570820619916	0.0005894579907135474
56045.9588675606	0.999226816401946	0.0005893955823857155
56045.97930199369	1.0000026764316163	0.0005894682945802786
56045.99973652694	1.0002956923093385	0.0005894682579892616
56046.02017116033	0.9999443109024552	0.000589435243516081
56046.061040127395	0.9994768407275346	0.0005894332086909659
56046.08147476114	0.9988897012276464	0.0005893841684767078
56046.10190919496	1.0004686605118516	0.0005895002066283741
56046.12234382893	1.000157982361806	0.0005894750956012798
56046.14277836302	0.9998360838556991	0.0005894378501599486
56046.16321279719	1.0000825161308842	0.0005894868694519908
56046.18364743151	1.0008381906120642	0.0005895697689210939
56046.20408186595	0.9999349161298215	0.0005894878619020949
56046.2245164005	1.0005706831544265	0.000589568782236641
56046.24495103517	0.9996935064846152	0.0005894759755223833
56046.26538546996	1.000031073523524	0.0005894682086059707
56046.28582010489	0.9988714231842414	0.0005893801091429706
56046.30625463991	1.000135464318612	0.0005895198590152855
56046.326689175046	0.9993891358789638	0.0005894258185545368
56046.34712371032	0.9992834128546834	0.0005894354436226818
56046.36755824569	1.000135613823386	0.0005895140385682726
56046.38799278121	1.00019925605973	0.000589518703568491
56046.408427316834	0.9993412547556865	0.0005894359047157838
56046.42886185255	1.0003995490369388	0.0005895768270244082
56046.44929638842	0.9997828146463681	0.0005895128724247709
56046.469731024365	0.9996730179599674	0.0005894914686785645
56046.49016546046	0.9996712848465535	0.0005895108363170739
56046.51060009668	0.9997106663804625	0.0005895205189927515
56046.531034633	0.9989004819525593	0.0005894541290435002
56046.55146906942	0.9993911246193787	0.0005894740177465839
56046.571903705975	1.0007286315933737	0.0005896077185961071
56046.592338242655	0.9988702996604361	0.0005894566310864635
56046.61277267945	0.9995020882541344	0.0005895568451709268
56046.633207316336	1.00027099597733	0.0005896161154509448
56046.65364185336	0.9992485392022429	0.0005894969422608631
56046.674076490504	1.000086105009326	0.0005895957293402363
56046.69451092776	1.0004200608387344	0.0005896481967176433
56046.71494546514	1.001355005816242	0.0005897185559818606
56046.73538010263	0.9997445509022744	0.0005895682287539821
56046.755814540214	0.9995483145233661	0.0005895522874719913
56046.776249077935	1.0001154651763364	0.0005896264754818268
56046.79668371575	0.9999493969608182	0.0005895838918455461
56046.8171181537	0.999483133879498	0.0005895560861891807
56046.83755269178	1.000673473837133	0.0005896877398912823
56046.878421768255	1.0010766070423485	0.0005897374984364196
56046.898856406646	0.9993123166744426	0.0005895705697167386
56046.91929084519	1.001433471747416	0.0005897826656436904
56046.93972538381	1.0000359660298968	0.0005896627075261707
56046.96016002256	0.9993578252654906	0.0005896168214401514
56046.98059456145	0.9992713052226804	0.0005896161802423538
56047.0010290004	0.9998336020594553	0.0005896420098112724
56047.02146363952	0.9992842757152693	0.0005896351759049524
56047.04189817873	1.0005584913747168	0.0005897369708235215
56047.06233271805	0.9997922931013483	0.0005896491895927717
56047.082767257496	1.0010267052285062	0.000589737334032947
56047.1236364367	0.9996666356846597	0.0005896905609552292
56047.144070876464	0.9995451892493863	0.000589651787946426
56047.164505416375	1.0007248468876575	0.0005897595371041473
56047.184940056395	1.0008383344253549	0.0005897756934420468
56047.20537449651	1.0005718146313796	0.0005897564300420044
56047.22580913674	0.9995913329338474	0.0005896674924185651
56047.24624367708	0.9996941719839475	0.0005896746497209625
56047.26667811754	1.0001890097059423	0.0005896909325397146
56047.287112758124	0.9999403254482456	0.0005896768234587793
56328.022632469954	0.999631181043784	0.00052825099483114
56328.043065794394	1.0002217824314927	0.000528330799187626
56328.06349901931	1.0004349125814183	0.0005283542089911721
56328.08393224457	1.000497711010554	0.0005283709110760721
56328.10436547017	0.9994392990327795	0.0005282349585923855
56328.124798696015	0.9993969269658263	0.0005282528586092589
56328.145231922324	1.0005331162816464	0.000528397244339108
56328.165665148976	1.0000724224576791	0.000528361462463961
56328.18609837598	1.0000619802029453	0.0005283694153960791
56328.20653170334	0.9997698331994449	0.000528337224771725
56328.22696483104	1.0003204035428228	0.0005284251670527812
56328.247398159096	0.9992573463046955	0.0005282804344790031
56328.2678313875	1.0006353448836804	0.0005284470285370704
56328.288264516246	0.9998704339980768	0.0005281962673683325
56328.30869784535	0.9996367694265554	0.000528345011230608
56328.32913107492	1.0001771848217254	0.0005284211816328961
56328.34956420471	1.000123249639646	0.0005284146629446505
56328.369997534865	1.0000722995081512	0.0005284112181932062
56328.390430765474	1.0003714125172298	0.0005284579583518663
56328.41086389632	1.0005278815061265	0.0005284545992230534
56328.43129722752	0.9996343897255686	0.0005283844674655605
56328.45173045919	1.0001257491008952	0.0005284649692326799
56328.47216369119	1.0000816993827446	0.0005284613555819626
56328.49259692344	0.9998703190187074	0.0005284219422148035
56328.513030156144	0.9995543025524702	0.0005284158685429295
56328.533463389205	0.9996060007447315	0.0005284160328212123
56328.5538966225	0.9994005799049295	0.0005284132298413751
56328.57432985626	1.0005970337068528	0.0005285431386355529
56328.59476309036	1.0002371547690534	0.0005285260668125371
56328.61519632482	0.9998456491631104	0.0005285001211961775
56328.63562965962	0.9991838636489555	0.0005284248612323425
56328.65606279478	1.0003143430092059	0.0005285376370518253
56328.67649603028	0.9996631425172254	0.0005284756079980537
56328.69692936613	1.0000158021878736	0.0005285230085421725
56328.717362502335	1.0002289616968185	0.0005285358142119714
56328.73779573889	0.9997086903698295	0.0005284911844968983
56328.778662313154	0.9997096909120707	0.0005284896244259928
56328.819528788816	0.9991895912886302	0.0005284465702933116
56328.839962027116	1.0005011061124023	0.0005286231730194414
56328.86039526588	1.0001605085324874	0.0005285927069631887
56328.88082850487	0.999825591421548	0.0005285755585397649
56328.90126174434	0.9994572710766999	0.00052852845516341
56328.92169508415	1.0002476757969634	0.0005286046134311456
56328.94212822419	0.9999219742552504	0.0005285997193235629
56328.9625614647	0.9997515613815107	0.0005286027704560667
56328.98299480556	1.0002202242637794	0.0005286250309507254
56329.003427946765	0.9992122866742176	0.0005284964391965205
56329.023861288326	1.000610131160334	0.000528685665656413
56329.044294530235	0.9997827756156821	0.0005286331181658751
56329.064727672485	1.0009167747968204	0.0005287603446602896
56329.08516101509	0.9993810553488527	0.0005285894474246743
56329.105594158165	1.0002008275598966	0.000528671012127797
56329.126027401464	0.9999763111967487	0.0005286495994298867
56329.14646074512	0.9991055851670049	0.0005285681498401906
56329.16689388924	0.9998231469520505	0.000528718622456537
56329.187327133586	1.0007298117506507	0.0005287650287043731
56329.207760478406	0.9990579687140522	0.0005285860739411103
56329.22819362346	1.0006967991102556	0.0005287745119628905
56329.24862696897	0.9994151845891793	0.0005286464732019912
56329.269060214836	1.0000792089079182	0.0005285723528379404
56329.309926707494	1.0018659475800866	0.0005289531943330182
56329.33035995441	0.9993573748407018	0.0005286743179433099
56329.35079320167	1.000341887051085	0.0005287938969911078
56329.37122644928	0.99975550434113	0.0005287415192707641
56329.39165969724	1.000540860178035	0.0005288480470117087
56329.412093045554	0.9998245507842044	0.0005287530219057519
56329.43252629421	0.9994057600328096	0.0005287005968406071
56329.45295944333	0.9994718954857125	0.0005287452524898534
56329.473392792686	0.9996173483525106	0.0005287335968673999
56329.49382604251	0.9995135796177446	0.0005287419709849032
56329.514259191405	0.9995202999891345	0.0005287740526965836
56329.53469254181	1.000114904543731	0.0005288241696984724
56329.55512579268	0.9986745140676013	0.0005286728493983724
56329.57555894378	1.000579852065451	0.0005289055251416197
56329.59599229535	1.0001770980854192	0.0005288858371609731
56329.61642554727	0.9996398858170503	0.0005288164133683195
56329.63685889954	1.000909369807811	0.0005289749217150076
56329.65729205216	1.000432329806873	0.000528950485647835
56329.67772530512	1.0015573390732293	0.0005290909416454128
56329.69815865844	1.0008300105954384	0.0005290043182817756
56329.718591812096	0.9993914351269727	0.0005288504950403607
56329.73902506611	0.9993065438357333	0.0005288676769671843
56329.759458320594	0.9992152321407529	0.0005287000964546593
56329.77989157531	1.000375368766483	0.0005290089079247117
56329.800324930366	0.9996384944063852	0.000528925348737373
56329.820758085894	1.0002524855876722	0.0005289872412828624
56329.84119134165	1.0002184586377052	0.000529000341022426
56329.86162469788	0.9996955983794117	0.0005289471262527968
56329.882057854455	0.9997751576601601	0.0005289720017005335
56329.90249111138	1.0003875015584127	0.0005290765531521289
56329.922924468534	0.9996265770563743	0.0005289751622970787
56329.94335772616	1.0007741180244223	0.0005289451205452686
56329.963790984126	0.9997536020148483	0.0005289995817877689
56329.984224242566	1.000663575587583	0.0005291280889019182
56330.00465750124	1.0000647166361258	0.000529045854990844
56330.02509076025	1.000073029442187	0.0005287480046547228
56330.045524019624	0.9998690495717468	0.0005290201246398513
56330.06595727946	1.0002512317179555	0.0005290875097863211
56330.086390639524	1.000445056502825	0.0005289455022597706
56330.10682380006	1.0000645387407443	0.0005290580489606442
56330.12725706083	1.0001244836623195	0.0005290824940109238
56330.147690422054	1.0002935320232726	0.0005290862760113654
56330.16812358364	0.9992694014908099	0.0005290136384334049
56330.18855694557	1.0006508470760964	0.0005291879593560366
56330.20899020773	0.9997557763298943	0.0005290819417401491
56330.229423370474	0.999234984870158	0.0005288723790930781
56330.249856733455	1.0001915469297629	0.0005291255395459746
56330.27028999678	1.0000976073676897	0.0005291558501020167
56330.290723160455	1.000305892985461	0.0005291620525781225
56330.31115652448	0.9996459145458072	0.0005290959796558847
56330.33158978897	1.000420281380371	0.0005291909054403374
56330.3520231537	1.0012884813924243	0.0005293022954278419
56330.37245631889	1.0001018256205356	0.0005290178194539199
56330.39288958442	0.9990778786528558	0.0005290661104389815
56330.413322850196	1.0013938058112624	0.0005293509043347787
56330.433756116436	0.9998368028065957	0.0005292038522414794
56330.45418938302	1.000671427339473	0.0005292992390933114
56330.474622649956	0.9997284982577765	0.00052886754017876
56330.49505591724	1.0000795367023165	0.000529230563192136
56330.51548918487	0.9998860882971418	0.0005292300664122138
56330.53592245286	0.9999604560173808	0.0005290754890877843
56330.55635572131	1.0007508201213413	0.0005291906144449524
56330.57678908999	0.9988081232599877	0.0005289789525272532
56330.59722235914	1.0002785028735193	0.0005293250581940862
56330.61765552852	0.9997292474466714	0.0005292696413699241
56330.63808889836	0.9990947515003269	0.0005292285283422933
56330.65852216844	0.9998492109004886	0.0005293192321811205
56330.67895533899	0.9997552692604742	0.0005289873093302039
56330.699388709996	1.0004007733488864	0.0005293968049180622
56330.71982198124	0.9993369789757754	0.0005292736700441348
56330.74025525272	1.0002018416464376	0.0005293775776771721
56330.76068852466	1.0002055805205055	0.00052907871531531
56330.78112179707	0.9988657785104367	0.0005292485964535933
56330.8015551697	0.9999406673848227	0.0005290575291991156
56330.82198834281	0.9993737181047161	0.000528980578952667
56330.84242161615	1.0000088150220343	0.0005293672992069217
56330.86285498995	1.0004448594048891	0.00052942440628923
56330.903721438495	1.0000044231420377	0.000529408652233175
56330.92415481323	0.9996024090512093	0.0005290849715166522
56330.94458798843	0.999766807867426	0.0005294268874219843
56330.9650213641	0.9989995168611171	0.0005293486289276594
56330.985454639995	0.9973954674669689	0.0005288590791049603
56331.02632119296	0.9974125019621952	0.0005288791070881463
56331.108054203076	0.9969823617002408	0.0005288492380838626
56331.12848758154	0.9958907776606363	0.0005287161092452059
56331.148920860236	0.9962336632227993	0.0005287666500155255
56331.16935413939	0.9959934677713389	0.0005287332532791721
56331.18978741902	0.9959205652627524	0.0005287269696567664
56331.21022069888	0.996441873276641	0.0005287898874884399
56331.230653978964	0.9958130348886159	0.0005287222216949212
56331.25108735976	0.9951447614562267	0.0005286720075323681
56331.27152054055	0.9951650429241713	0.0005286711393127437
56331.29195392203	0.9959618401193872	0.0005287776076513435
56331.31238720352	0.995627538149339	0.0005287484939794015
56331.353253768124	0.9956207234882098	0.0005287519525262877
56331.37368705078	0.9959296035231893	0.0005288172548524243
56331.3941202339	0.9959146519412589	0.0005287938876964182
56331.41455361748	0.9957114412053949	0.0005288018542624366
56331.434986901295	0.9965689335039972	0.0005289001612969052
56331.455420085345	0.9959397117005486	0.0005288486690984106
56331.47585347009	0.9959814293516891	0.0005288697366682044
56331.49628675484	0.9966140659913564	0.0005289213091446085
56331.51672014028	0.9960527454630147	0.0005288739426564623
56331.53715332573	0.9966041538632641	0.0005289390805512982
56331.557586611874	0.995804302287274	0.0005288772350630421
56331.57801999825	0.9967034629478373	0.0005289900790195806
56331.59845318486	0.9968048510144378	0.0005290060173759452
56331.70061962397	0.9988124645153109	0.0005292531508881802
56331.741486302075	1.0004584455414542	0.0005295001733346585
56331.761919491706	1.0009274204879903	0.0005297123253413268
56331.78235278181	0.9998612530911508	0.0005294295968734981
56331.80278617215	0.9997770403221435	0.000529437158587872
56331.82321946271	0.9994828142449921	0.0005294000994499672
56331.84365265375	0.99955188561089	0.00052941244530395
56331.88451933698	1.0006573470762508	0.0005298789684124969
56331.90495262918	0.9992143791952347	0.0005294182758733327
56331.92538592161	0.9998033277616452	0.0005295026096396999
56331.9458192145	0.9996423820016782	0.0005294906942146107
56331.98668580123	1.000009864909382	0.0005295533267922026
56332.00711909529	0.9994863711896362	0.0005294926670742168
56332.027552489584	0.9992853736535368	0.0005294818140474301
56332.047985684345	1.0009213860281074	0.000529822286495261
56332.06841907933	1.000809830839274	0.0005299859308337634
56332.08885237456	0.9997668852711235	0.0005295547302430702
56332.109285570485	1.000612694404131	0.0005296838458761171
56332.12971896664	1.0009520705339499	0.0005297027268122739
56332.15015226303	0.9998041635862894	0.0005295964861569664
56332.170585459884	1.0010584795223794	0.0005297301917307737
56332.19101885697	0.9993367066204248	0.0005295761771193443
56332.211452154756	0.9999962225231948	0.0005296659597756305
56332.23188555254	1.0002924322096238	0.0005296979057488483
56332.25231875079	1.0010727899869538	0.000529777866553721
56332.27275204951	0.9994167960026288	0.000529612864726683
56332.29318544846	0.9999856071146084	0.0005296884476768108
56332.31361864787	1.0011806702929305	0.0005301459426137273
56332.33405194776	1.0001254377773316	0.0005297307057131308
56332.35448524764	1.0007192030137315	0.000529807918661585
56332.374918548216	1.000649642735812	0.0005298135115123212
56332.39535184903	0.9988011835473282	0.0005296154501361293
56332.41578515031	1.0010311446177778	0.0005301810345923807
56332.43621845182	1.0002731815510348	0.0005297812111336709
56332.4566518538	1.0004941296286805	0.0005298461769929256
56332.49751835868	0.9989265035339557	0.0005296749211691907
56332.51795176159	0.9997701898084386	0.0005297850729635124
56332.53838506497	0.9993728106764508	0.0005297449829880148
56332.55881826857	1.0010352105272127	0.0005302330098106758
56332.57925167264	0.9996282466640851	0.0005298015003524645
56332.59968497718	1.0010012405902553	0.0005301186935613355
56332.62011838195	1.0001145111767133	0.0005298539652033537
56332.64055158719	1.0003058498353896	0.0005298916215780167
56332.66098489266	1.0009197025912677	0.0005299826399297712
56332.68141829859	0.9986814980152958	0.0005297095957858717
56332.70185150499	0.9992067534869553	0.000529766092105865
56332.72228481162	0.9994709924069239	0.0005298073214070084
56332.74271821849	1.0001706852892427	0.0005300630524025723
56332.763151425825	0.9991193539662758	0.0005297850540312852
56332.783584733625	1.0005624883635564	0.0005302715346976628
56332.80401814165	1.0004019655669447	0.0005299486138473306
56332.82445135015	0.9999391538640285	0.000529909291170755
56332.84488475887	1.0002842734314044	0.0005299454023334733
56332.86531806807	0.9999056266174349	0.0005299243079803968
56332.8857512775	1.0006240886693631	0.0005300188805569321
56332.90618468739	0.9996718707782342	0.0005298937184311608
56332.92661799775	1.001547371030778	0.0005302961354252015
56332.94705130834	1.0002602251704131	0.0005299867335792554
56332.967484619396	1.0012092343377659	0.0005304228841731619
56332.98791793069	0.9992842753889665	0.0005299157609345347
56333.008351242446	0.9995118305514851	0.0005299221033683487
56333.02878455443	0.9999888842880885	0.0005299973687481489
56333.04921786689	1.000043433901171	0.0005301492154511839
56333.069651179576	0.9992896646806634	0.0005299178088425929
56333.090084492724	1.0002124485306698	0.0005301841908069983
56333.110517806344	0.99986281497409	0.0005299992467243353
56333.1309512202	1.0004756221636952	0.0005300752379384241
56333.15138443451	0.9998257483105655	0.0005300507731105961
56333.17181774906	0.9999525067057028	0.0005300477586516547
56333.19225116408	1.0000365343871633	0.0005300781550519893
56333.21268437932	0.9989123504764473	0.0005301409127632464
56333.23311779504	1.0002564783899996	0.0005301361104651679
56333.25355111122	1.000864551445228	0.0005302239059015514
56333.27398432763	1.000767886234879	0.0005302418781862326
56333.29441774428	0.9999091196354596	0.0005301280785868734
56333.31485106162	0.9994864253347971	0.0005300872404655933
56333.33528427896	1.0003191249414143	0.0005301842110160156
56333.355717697006	1.0000862411676674	0.0005302083777769682
56333.37615101528	0.9999388469169246	0.0005301725309470834
56333.39658443379	1.0001666252849015	0.0005302070352529268
56333.41701765276	0.9993243524035968	0.0005301189967712708
56333.43745097197	1.0010065296864217	0.0005304816769402782
56333.45788439187	0.9995382174586482	0.0005301750663889
56333.47831761178	0.9996543839161728	0.0005302134839320935
56333.498750932384	0.9996346612247331	0.0005301976542865622
56333.51918435298	1.000093122228353	0.0005304091114356695
56333.539617574286	1.001343892286235	0.0005304211797268871
56333.56005089582	0.9996751940654038	0.0005302195831883868
56333.58048431759	1.0009764993589683	0.0005305528027537062
56333.60091763982	1.0000107866280414	0.0005302669977221763
56333.621350962516	1.000505037530896	0.0005306452695379229
56333.64178428545	0.999359618656164	0.0005302113000830246
56333.66221750885	1.0002974192237382	0.000530315391897078
56333.682650932475	1.0004117493963238	0.0005303754677692393
56333.70308425657	1.0005843615731158	0.0005305182191055563
56333.723517481136	1.0002863485051474	0.0005303352653544672
56333.743950905926	0.999159633779129	0.0005302292464833591
56333.764384230955	1.0016843295944886	0.00053053572106197
56333.78481755645	0.9995934627337424	0.0005302924008851275
56333.805250882404	0.9999374722213895	0.0005303405341264928
56333.8256842086	1.000784000647022	0.0005304517447686268
56333.84611763526	0.9990856949381024	0.0005302695404304709
56333.866550862374	0.9998385683501554	0.0005303498333940279
56333.8869841895	1.000565570601152	0.0005304562952560038
56333.90741761732	0.999110658617394	0.0005302890924089065
56333.92785084537	1.0003429646718978	0.0005307700782613844
56333.94828417389	1.0000173191339623	0.0005304162536060138
56333.96871760265	0.9991517977132143	0.0005303064662910452
56333.98915083186	1.0003403871070375	0.0005304857834966983
56334.009584261315	0.9994759306225177	0.0005303913142970989
56334.030017591234	0.9995372651713822	0.0005304172503171673
56334.05045082161	0.9997535993442488	0.00053042215667606
56334.07088425223	0.9995069827445847	0.0005304279655028471
56334.09131758308	0.9998980371789012	0.0005304712392233687
56334.11175091439	0.998886225784777	0.0005303608469047851
56334.13218424617	0.9997102320244546	0.0005304829040410885
56334.15261757842	0.9992445641973227	0.000530424355356028
56334.17305101066	0.999728203880713	0.0005304880944954016
56334.1934842436	1.000232068641309	0.0005305356660932386
56334.21391757678	0.9996684156613974	0.0005304803381241779
56334.23435101042	1.0000876280345252	0.0005305459349390283
56334.275217578404	1.0003592446802967	0.0005305597541542034
56334.295650913205	0.998950192348118	0.0005304286599179564
56334.31608424825	0.9998661488741911	0.0005305312234850458
56334.33651758352	0.9996740850688763	0.0005305293694769737
56334.356951019254	0.9999160424922318	0.0005305806140912306
56334.37738425546	0.9997867112896277	0.0005305985141309123
56334.39781769189	0.9998557436651074	0.0005305657546931373
56334.418251028794	1.0006707728984388	0.0005306839215474159
56334.43868426593	0.9985740912811911	0.0005304711116218726
56334.45911770353	1.0001765468219814	0.0005306611176189674
56334.47955104136	1.000797947337403	0.0005307456040976674
56334.49998427966	1.0005784273554468	0.0005307313563753758
56334.52041771842	0.9998825140337955	0.0005306542705328807
56334.54085105742	0.9998249051238738	0.0005306505634709167
56334.56128449665	1.0000790774646007	0.0005306682918783656
56334.58171773658	0.9995040127285493	0.0005306248678031314
56334.60215107674	1.0001998754045118	0.0005307302891312613
56334.622584517136	1.0003536032915392	0.0005307484252120765
56334.64301775799	0.9994699648448314	0.0005306691631271456
56334.663451099084	0.9998314536014633	0.0005306905546659832