55467.5891115159	0.9995722017244114	0.0006460730471112618
55467.62997729796	0.9998992527773884	0.0006461194480195457
55467.65041018876	1.0005548266107025	0.0006461445808055949
55467.67084317909	1.0001671874249987	0.0006460864429648724
55467.69127596919	0.9999332787919335	0.0006460431026098824
55468.24296410455	0.9996645889391967	0.0006456726760975969
55468.263396887436	1.0005973661806444	0.0006457558829547351
55468.28382987008	1.000271121243896	0.0006457170002807922
55468.3042627525	1.0004329689944846	0.0006457131866094989
55468.32469553445	0.9998687006164289	0.0006456495505031878
55468.3451285164	1.0007971647908818	0.0006457649812978245
55468.365561397884	1.000516378348401	0.0006456766738357163
55468.38599417937	1.0000805658137004	0.0006455858480981805
55468.406427160386	0.9993126206361034	0.0006455263570741527
55468.426860041174	1.0000489266885424	0.0006456028180447705
55468.44729292173	1.000020250835431	0.0006455709929496813
55468.467725802046	1.0004973631111167	0.0006456428745913121
55468.4881586819	1.0003025490050523	0.0006456133789945172
55468.50859156176	0.9995818057570798	0.0006455030290662808
55468.52902444138	1.001015829729027	0.000645666206370207
55468.549457320536	0.9997873687680253	0.0006454627695898627
55468.56989029946	1.0001334133610895	0.0006454882319361958
55468.59032317838	0.9993055887020399	0.0006453927640919529
55468.61075595684	1.0001555954813661	0.0006454977884276216
55468.63118893506	0.9997887929776961	0.000645433511688216
55468.65162181306	1.001115103899827	0.0006456181137675617
55468.67205459082	0.9995975474033352	0.000645397191908994
55468.692487568114	0.9994178813085928	0.0006453428779497968
55468.7129204454	0.9991056424935021	0.0006453171537235636
55468.73335322223	0.9993891157757565	0.0006453503222264487
55468.75378619906	1.0002082866490822	0.000645426544493519
55468.77421907542	0.9994333848070834	0.0006452947042667622
55468.79465185155	0.9994775362519179	0.0006453069897107349
55468.81508482745	1.0004424663360028	0.0006454166978470451
55468.83551770311	0.999679845511971	0.0006452820726390874
55468.855950578545	0.9973268647548984	0.0006449687420508649
55468.87638345374	0.9970804511745996	0.0006448942987499754
55468.896816328706	0.9965003053057938	0.0006447872546711051
55468.91724920321	0.9973325599631846	0.0006449322634068172
55468.93768207771	0.9958746468159188	0.0006446989764396506
55468.95811495174	0.9956415375989167	0.0006446950893715764
55468.978547825776	0.995695233026481	0.000644653731909883
55468.99898069934	0.9949181377722619	0.0006445344010829226
55469.01941357268	0.9959288638140121	0.0006446786368897186
55469.03984644578	0.9968391918841417	0.0006447316800261846
55469.08071219129	0.9960260296063908	0.0006446522828545473
55469.10114516346	0.9954186861111595	0.0006445805742139901
55469.12157793563	0.9942763002012418	0.0006443940204697997
55469.14201090757	0.9960685286301402	0.0006446080419220477
55469.162443779045	0.9947634209871526	0.0006444151588520996
55469.18287655028	0.995555407762878	0.0006445147757956887
55469.20330952152	0.9955434662520494	0.0006445315344933497
55469.2237423923	0.9957148821512363	0.0006445245422533383
55469.244175162836	0.9965004734548255	0.0006446013763434853
55469.26460813315	0.9964948754986808	0.0006446109607839817
55469.285041003226	0.9973592041179093	0.0006447030594420994
55469.30547377283	0.996261086593954	0.0006445761253175677
55469.325906742444	0.9956856533246661	0.0006444822351050326
55469.346339611824	0.9954167959202134	0.0006444555353087694
55469.36677238073	0.9961053335831974	0.0006444860658765562
55469.387205349645	0.9970058005995576	0.0006445757967468831
55469.407638218094	0.9958293478158331	0.0006444233572700328
55469.4280711863	0.9961937420017887	0.0006444914531355235
55469.448503954285	0.9973166045285571	0.0006445929679553768
55469.468936822035	0.997076868818879	0.0006445733892877809
55469.489369789546	0.9963169485143383	0.0006444588611230081
55469.50980255683	0.9965480140042936	0.0006444894155735322
55469.53023542388	0.9971546687818725	0.0006445301162141164
55469.55066829069	0.997806321541251	0.0006446277252168707
55469.571101157046	0.9991207977907836	0.0006447948881546987
55469.5915340234	0.9997828572134801	0.0006448435007472213
55469.61196698928	0.9997557095995303	0.000644872900563258
55469.63239975493	0.9999865282811212	0.0006449035216144007
55469.65283262059	0.9992516767167866	0.0006447969256524761
55469.67326558577	1.000443283126062	0.0006449179446907314
55469.693698350726	1.0007745999562476	0.0006449858085384658
55469.71413131544	0.9991825108804915	0.0006447502930628649
55469.73456417993	0.9990065314334456	0.0006446939617413549
55469.75499694419	0.9992394468121407	0.0006447303579517683
55469.77542990798	0.9993352520216392	0.0006447013216650258
55469.79586277177	0.9993540757911069	0.0006447248166921107
55469.816295535325	0.9992543438058554	0.0006446695418475411
55469.83672849841	1.0012983107191449	0.0006449274682420454
55469.85716136127	0.9994294907414554	0.0006446966230519415
55469.87759412413	0.9994982763846831	0.0006446705569817109
55469.89802708653	1.0002308648687077	0.0006447726633547993
55469.91845994868	1.0000007109368183	0.0006447282235473395
55469.93889281061	1.0001201499936156	0.0006447202165416851
55469.9593256723	0.9999988011572942	0.0006446794165102084
55469.979758533766	1.0007990562282103	0.0006448179649376546
55470.000191495	0.9996313318783501	0.0006446210744939065
55470.02062425576	1.0000207454332797	0.0006446998152695119
55470.04105711652	1.0003094261067984	0.0006447024142193314
55470.06149007705	1.0011746993221426	0.0006448424696101345
55470.08192293711	1.000607788794253	0.0006446950737426306
55470.10235569718	0.9996111077587847	0.0006445568234296411
55470.12278865678	1.0000396583590276	0.0006446136514494375
55470.14322151614	1.0004162738875446	0.0006446667794164217
55470.163654275275	1.0004326747706471	0.0006446558900946228
55470.18408723418	1.0000357638339024	0.0006445798205706382
55470.20452009284	0.9989745575788206	0.00064441804432964
55470.22495285128	1.0008056509814969	0.0006446653543075873
55470.24538580948	0.9992238282983859	0.0006444496276685395
55470.26581856745	1.0007491102129884	0.0006446868368201409
55470.28625152518	1.0015475942091994	0.0006447596608472324
55470.306684382456	0.9996120425942043	0.000644459906732952
55470.32711713972	0.9990957025380438	0.0006444347805087532
55470.34755009653	1.0007678169497694	0.0006446354307557614
55470.367982953336	1.000082860605666	0.0006444993539661397
55470.388415709676	0.9993401137341333	0.0006443863626755058
55470.40884866578	1.0004123522684847	0.0006445289962877729
55470.429281521654	0.9999291024334076	0.0006444709988761305
55470.44971437729	0.9997914867862604	0.0006444049741403682
55470.4701472327	0.9991886408760258	0.00064433228349702
55470.49058008788	0.9998410354959669	0.0006444017665478298
55470.511012942814	1.0002511762434247	0.0006444511637749359
55470.531445797526	0.99992245042034	0.0006443883272370923
55470.551878652004	0.9992478776126493	0.0006443127708496469
55470.57231160601	1.0009033873249655	0.0006445182883696472
55470.61317721357	0.9997072139445923	0.0006443142070636823
55470.63361016711	1.000738242369872	0.0006445030686085509
55470.65404302019	0.9990000844750391	0.0006442280934396751
55470.67447577304	0.9989983423604477	0.0006442133170193563
55470.69490872588	1.0009872605700378	0.0006444443946345166
55470.73577433042	1.0002877742246148	0.0006443298254141688
55470.75620728233	1.00247768358676	0.0006446690816334891
55470.77664013401	0.9996232615138988	0.0006442536530481522
55470.79707288546	1.0010328084147544	0.0006444073096655031
55470.817505836676	1.0000621758069337	0.0006442827573545889
55470.83793868743	1.0004926959062066	0.0006443292879208324
55470.85837153818	0.9987087827761298	0.0006440788853298607
55470.878804388696	0.9996409782471558	0.0006441675835263474
55470.89923723875	1.000017792382054	0.0006442407837287351
55470.919670088806	0.9997030888017386	0.0006442052080345765
55470.94010293839	0.9997506341134185	0.0006441927556112578
55470.960535687744	1.0001330345048787	0.0006442187766329219
55470.9809686371	1.0004398118200362	0.0006442610329118003
55471.001401485984	0.9993205082381037	0.0006441026401530274
55471.02183433464	0.999938847225777	0.0006441943293058503
55471.04226718307	0.9988747756057503	0.0006440325516346131
55471.06270003125	1.0012713291264064	0.0006443318871894222
55471.08313287921	1.0002888449495526	0.0006442126587196867
55471.10356582694	0.9995508901168544	0.0006440857988718014
55471.123998574425	0.999992215423177	0.0006441386055169624
55471.144431521454	0.9993509338086687	0.0006440479946812173
55471.164864368475	0.999762513356233	0.0006441355983980454
55471.18529711527	0.9996377908427794	0.0006440862004185694
55471.22616290793	0.9998726578508779	0.0006440585325310737
55471.246595653785	0.9998446349718857	0.0006440605001161073
55471.26702859965	1.0006437473625398	0.0006441210491825747
55471.28746144504	1.000226266295145	0.0006440831581571321
55471.307894190206	1.000036953530308	0.0006440161548901081
55471.32832713514	1.000362513123221	0.00064404369698964
55471.34875998007	1.001289966611915	0.0006442049342322478
55471.36919272453	1.0005488244683767	0.0006441218844817715
55471.389625668766	0.9992114825637499	0.0006439334170668263
55471.41005851276	1.0007103294485533	0.000644103711863254
55471.43049145653	0.9999436907001509	0.0006440018192783344
55471.45092419983	1.0003751067292859	0.000644018325248991
55471.47135704313	1.0001321336187032	0.0006439907103756474
55471.4917899862	0.999434060586117	0.0006439079065211742
55471.512222729034	1.0006738346156427	0.0006440282842137696
55471.5326555714	0.9991771577547356	0.000643887711856369
55471.55308841377	1.0006128981416762	0.0006439727884249679
55471.573521255676	1.0001695754613606	0.0006439388647818414
55471.593954097574	0.9996525384818298	0.000643870482173358
55471.614386939014	0.9997644649530922	0.0006438495952677937
55471.634819780455	1.0010249900234824	0.000644078804288477
55471.65525262142	0.999834037424673	0.0006439096835690392
55471.675685562164	1.0001350997080563	0.000643964134118444
55471.69611830267	1.0006442180958144	0.0006439751654767523
55471.716551243175	1.0000305106728444	0.0006438595866468057
55471.73698408322	0.9991410483844665	0.0006437842876260723
55471.75741682303	1.0004070281614683	0.0006438987531104104
55471.7778497626	1.000047063826103	0.0006438381243291803
55471.79828260194	0.9992030918140813	0.0006437449858739094
55471.81871534082	0.9988778578409232	0.0006437095981048832
55471.839148279694	0.9997002181360891	0.0006437449386206358
55471.85958111834	0.9993124072155818	0.0006437401123689286
55471.88001385675	0.9993169499599193	0.0006436851643066394
55471.900446794694	1.0006773055306433	0.0006438665231890282
55471.92087963264	1.000028709836229	0.0006437611189694223
55471.94131247036	0.9996351413576642	0.0006437008401132814
55471.9617453076	1.0000996644138378	0.0006437552967583914
55471.98217814485	0.9999244224218149	0.0006437607987861906
55472.002611081625	0.9997936539559289	0.0006437277764862855
55472.023043818175	0.9989269615374682	0.000643624395114004
55472.043476654726	0.9992961922757556	0.0006436686603120942
55472.06390959081	1.000930590772189	0.0006438668313237248
55472.08434242666	1.0009722062595126	0.0006438591722884712
55472.10477516251	1.0001836887667281	0.00064374302875549
55472.12520809789	1.0000824450864694	0.0006436835390290626
55472.14564093304	0.9992599975940902	0.0006435941839150607
55472.16607366796	1.000453217169324	0.0006437471258730008
55472.18650660265	0.9995732775519267	0.0006436122089987469
55472.2069393371	0.9997144947805576	0.0006436428862811597
55472.22737217132	0.9999923037445897	0.0006437091617131022
55472.247805105304	0.998911846752105	0.0006434978836733177
55472.26823783906	1.0008255506461547	0.0006437611509470402
55472.28867077235	1.0002777571919943	0.0006436653528111219
55472.32953633869	0.9995795896396442	0.0006435513605263895
55472.34996927129	1.000031601669698	0.0006436163927223217
55472.37040210387	1.0000684394909636	0.0006435907062429977
55472.39083483623	1.000076509510605	0.0006435594729060548
55472.411267768126	0.9990526781009185	0.0006435167045939633
55472.43170060002	1.000092097716849	0.0006435721283957844
55472.45213333144	0.9995609184918877	0.0006435132208100215
55472.47256626287	1.000605220252405	0.0006436606723254141
55472.492999093825	0.9998117452158457	0.0006435761165754219
55472.513431924555	0.9990478860169697	0.0006434343448499812
56040.645891844375	1.0005987626375479	0.0005896426962215088
56040.66632634258	0.9992960361586392	0.0005895398154330634
56040.68676094095	1.0003247345517385	0.000589644598797452
56040.70719533945	0.9991971390617261	0.0005895136304125972
56040.72762983806	0.999801295008109	0.0005895949174217427
56040.7480644369	0.9993919599048191	0.000589651258128243
56040.7684988358	1.000336277392235	0.000589619470603862
56040.78893333488	0.9999038053727664	0.0005895813202697135
56040.809367934125	0.9990006523388614	0.0005894928580316999
56040.82980243355	1.0001275563086967	0.000589612400962302
56040.850236933096	1.0002353771705434	0.00058963990831907
56040.870671332756	1.0008875630610916	0.0005896783425413305
56040.891105932584	0.9996653333714963	0.0005896015995326881
56040.93197493271	1.0017102583181405	0.0005897617433305419
56040.95240933295	0.9992511911466544	0.0005895312043792659
56040.97284393337	1.0000162732636042	0.0005895957906894705
56040.993278433954	0.9994993815383287	0.000589543550383778
56041.01371283466	1.000501892456267	0.0005896003696460766
56041.034147435545	0.9999626502094316	0.0005895573531072828
56041.054581936536	0.9990901220519565	0.0005894922951507158
56041.07501653765	0.9997602634177063	0.0005895361408247051
56041.095450939	1.0002187022971587	0.0005895645850813852
56041.1158854404	0.999774089164089	0.0005894982889096105
56041.13632004198	0.9995348643743664	0.0005894772025397944
56041.156754443735	1.000971346650164	0.0005896096238505387
56041.1771889456	1.0005456144113436	0.0005895750942242305
56041.19762354765	0.9992851582341254	0.0005894443325303269
56041.21805794981	0.9993353761937864	0.0005894758215736215
56041.23849255214	1.0004931270510662	0.0005895556235869763
56041.27936145722	0.999280118484676	0.0005894636337246206
56041.29979605996	1.000495419312657	0.0005895479290393531
56041.32023056288	0.9998818780099403	0.000589517000150062
56041.340664965915	1.000434142614412	0.0005895666899397052
56041.36109956912	0.9991677876415576	0.0005894612456011602
56041.38153407245	0.9996059583946716	0.0005894656595498343
56041.40196857595	1.0000676566235494	0.000589504267894844
56041.42240307956	1.0009526567515799	0.0005895653332404952
56041.44283758335	1.0000990490379003	0.000589523644529903
56041.46327218726	1.0006960443071944	0.0005895616135594281
56041.48370659128	1.0003869781042243	0.0005895249987984448
56041.50414109548	0.9994779408042547	0.0005894683730653865
56041.52457569985	0.9998028088311227	0.0005895444737526904
56041.54501010434	0.9999000039870727	0.0005894923615619344
56041.565444609005	0.9997654406791404	0.0005894915093349678
56041.58587921373	0.9992538563503096	0.000589435045412703
56041.60631361868	1.001104015865721	0.0005895953024636842
56041.62674822375	1.0001579733185153	0.0005895326655249148
56041.647182728935	0.9993250624922841	0.0005894589521863125
56041.6676171343	0.9999816563072955	0.0005895072476063294
56041.708486245436	1.0009642359914055	0.0005895714885323381
56041.7289206512	0.9988241775657084	0.0005893985603957734
56041.74935525715	0.9993180655262468	0.0005894319703422901
56041.7697897632	0.9994322236129448	0.0005894492587195133
56041.79022416944	0.9990441217273798	0.0005894077266626402
56041.810658775794	0.9999001482186428	0.000589471545846273
56041.831093282264	0.9994153541779074	0.0005894344762100708
56041.8515278889	1.0003428169052802	0.0005895502416108844
56041.87196229566	1.000306488025556	0.000589520928898124
56041.89239680259	1.0005369710818206	0.0005895381503713925
56041.93326581687	1.0005674257773425	0.0005895498435166662
56041.953700324215	1.0004468715874946	0.0005895012817084154
56041.9741349317	1.0002926703807296	0.0005895303211335606
56041.99456933933	0.9989871003772915	0.0005893958092279175
56042.015003947105	1.0011865395966848	0.0005895963840218639
56042.03543845503	1.0007940106442148	0.0005895696098051522
56042.05587296307	1.000172844866945	0.0005894568519048875
56042.07630747125	1.0001048814603948	0.0005895041914683531
56042.096741979614	0.9997734829812035	0.0005894697176165901
56042.11717648809	1.0003121360909073	0.0005895196118133796
56042.13761099668	0.9999909614565585	0.0005894661566903723
56042.15804550545	0.9998828550126068	0.0005894965271555763
56042.178480014365	0.9994928040132092	0.0005894443816058758
56042.19891452339	0.9994020874571021	0.0005894452049673785
56042.219349032566	1.0000861229759297	0.0005894777428434797
56042.23978364189	1.0006619230041796	0.0005895440634788773
56042.280652560934	1.0003627908042672	0.0005895134908199606
56042.301087170694	0.9996765692115179	0.0005894543410197344
56042.32152158056	0.9998247979896099	0.0005894483896763034
56042.34195609058	1.0007526417035821	0.0005895193994158957
56042.36239070075	1.000500985818774	0.0005895351391731241
56042.38282511105	0.9999594846262284	0.0005894545328307127
56042.40325972148	1.000904928836129	0.0005895808086009426
56042.42369423206	1.0011012393709522	0.0005895722212879079
56042.44412864277	0.9999306543089115	0.0005894654462979481
56042.464563253634	1.000285881595054	0.0005894892571976401
56042.484997764615	0.9994675963501477	0.0005894387475560677
56042.505432175734	0.9996638239419419	0.0005894368829801833
56042.52586678704	1.0004610262629898	0.0005894988402467806
56042.546301298455	1.000891941775992	0.0005895878894090155
56042.56673570998	1.000034502417747	0.000589469730002679
56042.58717032166	1.0004105294406105	0.0005895463702024947
56042.607604833516	1.000328939636391	0.0005895027039616011
56042.62803944545	0.9988638118067941	0.0005893634392778692
56042.64847385757	1.0003216344955541	0.0005895235470527212
56042.6689083698	1.0005821746240664	0.000589546734035861
56042.68934298217	0.9998843487650081	0.0005894550971093479
56042.709777494696	0.9999643085360752	0.0005894729719948644
56042.73021190733	0.9999639676456721	0.0005894743900995923
56042.750646520144	0.9998011495092823	0.0005894609635762588
56042.771081033046	1.0005689896021432	0.000589568407792325
56042.791515546116	0.9994387711050579	0.0005894218399636853
56042.81195005931	0.9986046147019441	0.000589332210069742
56042.83238457265	0.9998099462333803	0.0005894799091983023
56042.852819086125	1.0001160497696482	0.0005895055432995298
56042.873253599726	1.0003956214525627	0.0005894975101941853
56042.8936880135	0.999916994471732	0.0005894853052995705
56042.914122627386	1.0007708714807046	0.0005895499682734889
56042.934557141394	0.9996582733700381	0.0005894584575764763
56042.95499155555	0.9991596534014816	0.0005893943387319823
56042.97542616984	0.9997400769680465	0.0005894779116352154
56042.995860684285	1.0007124972629227	0.0005895324090129408
56043.01629529885	1.0008814330636682	0.0005895263357184836
56043.036729713545	1.0001090972719349	0.0005894596032095903
56043.05716422837	1.000321514134617	0.0005894630809404459
56043.07759884337	0.9989768544277975	0.0005893995544551092
56043.09803325847	0.9995650739198552	0.000589438067407766
56043.118467773704	0.9999510054343786	0.0005894608241291689
56043.13890238911	0.9995422564058057	0.0005894446364195803
56043.159336804594	1.000047357157022	0.0005894798024163856
56043.17977142026	0.9994663140636644	0.000589421672549272
56043.200205936046	0.9991944608790676	0.0005894267449055991
56043.24107496801	1.0005043793379815	0.0005895336407928229
56043.28194400053	1.0001216994744417	0.0005894917491759643
56043.302378516986	0.9998985011222177	0.000589461189644525
56043.322813033585	0.9997059043787108	0.0005894695765541122
56043.34324755032	0.9996337919064099	0.0005894384740055464
56043.36368206718	0.9985924620279126	0.0005893618869406229
56043.38411658419	0.9995983802910607	0.0005894636984802786
56043.4045512013	1.0001894573518093	0.0005894914734048617
56043.445420135984	0.999613698453258	0.0005894575621259054
56043.46585475351	0.9992453617368541	0.0005894348053860338
56043.48628917118	0.9996123359819835	0.0005894421978325891
56043.50672368897	0.9999097799826333	0.0005894884165751484
56043.527158306904	1.0004237755357843	0.0005895317268675878
56043.54759272496	1.000625768645621	0.0005895350381600391
56043.56802734315	0.9995930273670343	0.0005894580865670328
56043.588461861495	1.0002907351203998	0.0005895256247871486
56043.608896279955	0.9977144637318675	0.0005892809756662506
56043.62933089856	0.9969376899957108	0.0005891849706181845
56043.64976541728	0.9971260589506683	0.0005892331945693005
56043.670199836146	0.9955455677554516	0.0005890875129377991
56043.690634455124	0.9959394830232506	0.0005891413309963231
56043.711068974255	0.9957901887768864	0.0005891351830518705
56043.7315033935	0.9966135483228011	0.000589181869861148
56043.75193801292	0.9959910695919755	0.0005891432600303931
56043.772372532425	0.9950003257108129	0.0005890410012843727
56043.79280715208	0.9966323610588653	0.000589197936374405
56043.81324157187	0.9952597297106782	0.0005890687189318711
56043.83367609179	0.995925175315158	0.0005891130645341593
56043.85411071185	0.9971929933439073	0.0005892588051766019
56043.87454513203	0.9953912872566253	0.0005890833114255986
56043.894979652345	0.9953806507737466	0.0005890859759021022
56043.915414272786	0.9950172921368786	0.0005890747406387886
56043.935848793364	0.9955925736927296	0.0005891051413501233
56043.956283314066	0.9966929159432142	0.0005892012479173851
56043.976717834914	0.9948060131783265	0.0005890380117378764
56043.99715235587	0.9958908717291896	0.0005891162940047015
56044.01758687695	0.9947866596056018	0.0005890516166561639
56044.038021398206	0.9957581292784531	0.0005891319196240926
56044.05845591954	0.9951650926835873	0.0005890687532410958
56044.07889054103	0.9955760830534606	0.0005890932777940366
56044.09932496266	0.996112778211218	0.0005891310054587223
56044.119759484376	0.9969410242124961	0.0005892505356267559
56044.14019400627	0.9953885149445457	0.0005890521590047421
56044.16062852828	0.9959730359972964	0.0005891526027922358
56044.181063150434	0.9952558820241689	0.0005890452508296209
56044.20149757271	0.995507511574738	0.0005891090769433007
56044.2219320951	0.9963908259813101	0.0005891756059033522
56044.242366717626	0.9956536363008548	0.0005891095112721967
56044.26280114028	0.9962586702980489	0.0005891403686662989
56044.283235663046	0.9976941957122701	0.0005892942845037622
56044.30367028598	0.9969337490391457	0.0005892416262585252
56044.32410470901	0.996618961570668	0.000589172752913208
56044.34453933219	0.9993436038856961	0.0005894570999539386
56044.364973855474	1.0004844765240422	0.0005895289628392511
56044.38540827891	0.9999011919963624	0.000589518427582066
56044.405842902466	1.0001681015920654	0.0005895180637206297
56044.42627742616	1.0006523330030381	0.0005896468815069593
56044.446711949975	1.0000656005115576	0.0005895114007706149
56044.46714647391	0.9988660145759501	0.0005894150893261888
56044.48758099801	1.001245107392573	0.0005896179051065691
56044.5080155222	0.9996246504942004	0.0005894749092366384
56044.52845004651	0.9992358665178487	0.0005894435116314355
56044.54888457096	0.9999880766304278	0.0005895170515400434
56044.569319195565	0.9982447492681257	0.000589340398531671
56044.58975372028	0.9998644777412713	0.0005894919498288353
56044.61018814511	0.9994407290269717	0.0005894845669990693
56044.63062277006	1.0001019264950408	0.0005895328205816409
56044.65105729515	1.0018809272079727	0.0005896662552643765
56044.671491720364	0.9995824276299118	0.0005894729575275476
56044.7123608712	0.9999655402594839	0.0005895351410769072
56044.73279549681	1.0015178882278095	0.0005896500587196893
56044.75322992252	0.9997345947759293	0.0005895045326791872
56044.773664448396	0.9993276004089037	0.0005894549019233128
56044.794098974366	1.0002908951144718	0.0005895528584179184
56044.81453350045	0.9991610656934552	0.0005894379898804977
56044.83496802671	0.9997795532278007	0.0005894931358494414
56044.855402553054	0.9995827239868276	0.0005894851974774512
56044.87583707955	0.9996244724758533	0.0005895048443809676
56044.93714065975	1.0008485016203368	0.0005895930918563926
56044.95757528673	0.9994311243626566	0.0005894896079663717
56044.978009713835	1.0006748703300188	0.0005895997194731817
56044.998444241086	0.999819101147635	0.0005894971366095207
56045.018878868446	0.9997395553638088	0.0005894931564396495
56045.03931329593	0.9995334114667977	0.0005894763619874218
56045.05974782356	1.000614887523481	0.0005896097084458864
56045.0801824513	1.0003341469552103	0.0005895623409186548
56045.10061697916	0.9995063039154494	0.0005894629492765119
56045.121051507136	0.9991806598801708	0.0005894250930020831
56045.14148603525	1.0000589471278045	0.0005895243868493202
56045.16192056349	0.9990340965731713	0.0005894620765752687
56045.18235509185	1.0009771129525777	0.0005896201077330355
56045.22322414893	0.9995272625484878	0.0005894826889062024
56045.24365877767	1.000248330440727	0.0005895305563432979
56045.26409320654	1.0000228962039486	0.0005895161049742029
56045.28452773551	0.9996318541811113	0.0005894991151628317
56045.30496236462	0.999926103348931	0.0005895324591759316
56045.32539679384	0.9992547157705407	0.0005894756178176879
56045.34583142319	0.9995877374187179	0.0005895036225127351
56045.36626595268	0.9999392541589844	0.0005895250207720721
56045.38670038225	1.0001757763125216	0.0005895442844053538
56045.40713501198	1.0007703070427607	0.0005896137435298166
56045.42756954182	1.0003208756919981	0.0005895720236459462
56045.4480039718	0.9991034987815816	0.0005894659995728496
56045.4684386019	1.0012760525706268	0.0005896495354461265
56045.48887313211	1.0010854209414006	0.0005896176503007747
56045.50930766245	0.9997999025090403	0.0005895264758183689
56045.5297421929	0.9999565189808629	0.0005895256757734318
56045.55017662347	1.0011160835626665	0.0005896479416932702
56045.570611254174	1.001402925398625	0.0005896644443345598
56045.61148021595	1.00127626984376	0.0005896444832644353
56045.63191484701	1.0004365400694455	0.0005895488986480731
56045.652349378215	0.9999940638823197	0.0005895415344196997
56045.67278390951	1.0009961558953966	0.0005896185687845346
56045.693218440945	1.0005556946798635	0.0005895760860290469
56045.7136529725	1.0001777790622721	0.0005895771556830046
56045.73408760417	1.0000101013651712	0.0005895403650862578
56045.75452203596	1.0010407687985292	0.0005896567082665996
56045.7749565679	1.0002472982431219	0.0005895564734180322
56045.795391199914	0.9995755115389706	0.0005895259241597713
56045.81582573208	1.0001296908139568	0.0005895377712388112
56045.83626016437	0.9990584121371804	0.0005894734872896349
56045.85669479676	0.9995888651702391	0.0005895067601398965
56045.87712932928	1.0007548638254078	0.0005896311194863458
56045.897563961946	1.0002144229903356	0.0005895839871063728
56045.91799839469	1.0005825401577864	0.0005896021936485553
56045.938432927585	1.0002677906818778	0.0005895821875038427
56045.9588675606	0.9994366832474432	0.0005895193726899735
56045.97930199369	1.0002116797400562	0.0005895914950743286
56045.99973652694	1.0005033697646417	0.0005895906410693273
56046.02017116033	1.00015016814702	0.000589556589788825
56046.061040127395	0.9996780285931833	0.0005895518575724275
56046.08147476114	0.9990879479508642	0.0005895011418321978
56046.10190919496	1.0006640366595205	0.0005896153269554439
56046.12234382893	1.000349761080338	0.0005895881265228288
56046.14277836302	1.0000239149468793	0.0005895485830654379
56046.16321279719	1.0002661603319565	0.0005895951163650574
56046.18364743151	1.0010173952873793	0.00058967533409637
56046.20408186595	1.0001090488563777	0.0005895905177119972
56046.2245164005	1.000739683100455	0.0005896683625002399
56046.24495103517	0.9998567964047381	0.0005895722605180674
56046.26538546996	1.0001885394948087	0.0005895610269057889
56046.28582010489	0.9990225275909845	0.0005894692676969858
56046.30625463991	1.0002802753314934	0.0005896052164203005
56046.326689175046	0.9995270713493208	0.0005895071709773359
56046.34712371032	0.9994142899910488	0.0005895126425653853
56046.36755824569	1.0002592870991915	0.0005895869358146814
56046.38799278121	1.0003153677967211	0.0005895871399727829
56046.408427316834	0.9994494637703577	0.0005894997290382138
56046.42886185255	1.0004998346566194	0.0005896359294875234
56046.44929638842	0.99987479357474	0.0005895671069659859
56046.469731024365	0.9997565463922068	0.0005895407240823941
56046.49016546046	0.9997461926504781	0.0005895550097997054
56046.51060009668	0.9997767930225457	0.0005895595132874721
56046.531034633	0.9989576327339996	0.0005894878538886742
56046.55146906942	0.9994392500079827	0.0005895024036962659
56046.571903705975	1.0007676480177283	0.0005896307062315411
56046.592338242655	0.9988999998816102	0.0005894741578788025
56046.61277267945	0.9995224909955233	0.0005895688797389256
56046.633207316336	1.0002820456734063	0.0005896226287647404
56046.65364185336	0.9992501955561447	0.0005894979194107133
56046.674076490504	1.0000783728082518	0.0005895911708600126
56046.69451092776	1.0004029567348653	0.000589638115548345
56046.71494546514	1.0013285556305962	0.0005897029789235808
56046.73538010263	0.9997089010055212	0.0005895472053370852
56046.755814540214	0.9995035296984455	0.0005895258725447763
56046.776249077935	1.0000616324100693	0.0005895947379221703
56046.79668371575	0.999886703372852	0.0005895469268454177
56046.8171181537	0.9994117824528327	0.0005895139987677696
56046.83755269178	1.000593546404178	0.0005896406393849466
56046.878421768255	1.0009803913610276	0.000589680817464341
56046.898856406646	0.9992085801727475	0.0005895093676406866
56046.91929084519	1.0013221302916144	0.0005897170923805112
56046.93972538381	0.9999177565074177	0.0005895930062859671
56046.96016002256	0.9992330578396774	0.0005895432091952003
56046.98059456145	0.9991403217856504	0.0005895388939704344
56047.0010290004	0.9996967556752986	0.0005895613060053357
56047.02146363952	0.9991421894401785	0.0005895513368334861
56047.04189817873	1.0004114040195482	0.0005896502763903311
56047.06233271805	0.9996410339230879	0.0005895599812116959
56047.082767257496	1.0008715320874042	0.0005896459164972618
56047.1236364367	0.9995060337436978	0.0005895958239246276
56047.144070876464	0.9993827485150908	0.0005895559608938396
56047.164505416375	1.000561034138269	0.0005896629969497265
56047.184940056395	1.0006740313426907	0.0005896788726457406
56047.20537449651	1.000407819961547	0.0005896597684035172
56047.22580913674	0.9994285260195902	0.0005895714512248138
56047.24624367708	0.9995331644995178	0.0005895796786441629
56047.26667811754	1.0000305544269115	0.0005895975105561187
56047.287112758124	0.9997853799095773	0.0005895854502130707
56328.022632469954	0.9996651347997039	0.0005282689375540993
56328.043065794394	1.0002578143934875	0.0005283498317618124
56328.06349901931	1.0004730123777832	0.0005283743304278773
56328.08393224457	1.0005378742138877	0.0005283921215877042
56328.10436547017	0.9994814784669331	0.0005282572517438307
56328.124798696015	0.9994411622887572	0.0005282762401458229
56328.145231922324	1.000579460123455	0.0005284217192494386
56328.165665148976	1.0001207996340482	0.0005283870212485873
56328.18609837598	1.0001124081006239	0.0005283960583035624
56328.20653170334	0.9998222927703698	0.0005283649474966912
56328.22696483104	1.0003749344804043	0.0005284539733429448
56328.247398159096	0.9993138537977023	0.0005283103084679885
56328.2678313875	1.0006939609909997	0.0005284779843771732
56328.288264516246	0.9999310270420544	0.0005282282765352897
56328.30869784535	0.999699361455265	0.0005283780934331869
56328.32913107492	1.0002418160034712	0.0005284553280680944
56328.34956420471	1.000189872877625	0.0005284498633020601
56328.369997534865	1.0001409044154088	0.0005284474671750408
56328.390430765474	1.0004420124620286	0.0005284952536026314
56328.41086389632	1.0006004554609995	0.0005284929310286385
56328.43129722752	0.9997088475517804	0.0005284238242136436
56328.45173045919	1.0002021798971183	0.0005285053551525612
56328.47216369119	1.0001600491483027	0.0005285027570228066
56328.49259692344	0.9999505595243549	0.0005284643485579382
56328.513030156144	0.999636409101671	0.0005284592742922702
56328.533463389205	0.9996899870852388	0.0005284604300425464
56328.5538966225	0.9994864075405092	0.0005284586095009814
56328.57432985626	1.0006848076071664	0.0005285895032470791
56328.59476309036	1.0003267220640755	0.0005285733942387654
56328.61519632482	0.9999369871463002	0.0005285484007833579
56328.63562965962	0.9992769266387564	0.0005284740781975683
56328.65606279478	1.0004092790377868	0.0005285877985481268
56328.67649603028	0.9997597630543296	0.000528526686801422
56328.69692936613	1.000114182872588	0.0005285750041759955
56328.717362502335	1.0003290683162696	0.0005285887120340159
56328.73779573889	0.9998104270166538	0.0005285449670852711
56328.778662313154	0.9998147237318418	0.0005285451493008418
56328.819528788816	0.9992977695298819	0.0005285037830796219
56328.839962027116	1.0006109918068211	0.0005286812320501593
56328.86039526588	1.0002718966538042	0.000528651576462702
56328.88082850487	0.9999384560006245	0.000528635226404277
56328.90126174434	0.999571581262357	0.0005285889041566618
56328.92169508415	1.0003635382615728	0.0005286658436992063
56328.94212822419	1.0000392334598043	0.0005286617073428394
56328.9625614647	0.9998702074833941	0.0005286655026993379
56328.98299480556	1.0003403057542959	0.0005286884950560304
56329.003427946765	0.999333597363471	0.0005285606020057271
56329.023861288326	1.000732935073685	0.0005287505507366788
56329.044294530235	0.9999067714506819	0.0005286986807125544
56329.064727672485	1.001042176838578	0.0005288265915536283
56329.08516101509	0.9995074989468022	0.0005286563255701152
56329.105594158165	1.0003285797908859	0.0005287385374681064
56329.126027401464	1.0001052090231475	0.0005287177428284154
56329.14646074512	0.9992355133329341	0.0005286368872101912
56329.16689388924	0.9999542808045176	0.0005287879676302762
56329.187327133586	1.0008621465586134	0.000528834951692286
56329.207760478406	0.9991911310944677	0.0005286565280909842
56329.22819362346	1.0008311983735705	0.000528845529382883
56329.24862696897	0.999550396734401	0.0005287179944524263
56329.269060214836	1.0002154641253695	0.0005286443678745827
56329.309926707494	1.0020042576972035	0.0005290262176535874
56329.33035995441	0.9994961925669988	0.0005287477545022588
56329.35079320167	1.0004816629546256	0.0005288677843747068
56329.37122644928	0.999895985724999	0.0005288158157762732
56329.39165969724	1.0006822062073946	0.000528922757175536
56329.412093045554	0.9999665154810872	0.0005288280993405097
56329.43252629421	0.9995483507723286	0.0005287760294747808
56329.45295944333	0.9996151470059603	0.0005288210360727486
56329.473392792686	0.9997612378134204	0.0005288097051825903
56329.49382604251	0.9996580366809931	0.0005288183886683668
56329.514259191405	0.9996653059580687	0.0005288507648892819
56329.53469254181	1.0002605103017803	0.0005289011606959607
56329.55512579268	0.998820388115471	0.0005287500714035945
56329.57555894378	1.0007264483785572	0.0005289830158084638
56329.59599229535	1.000324044161163	0.0005289635410980418
56329.61642554727	0.9997871264528257	0.0005288943046829996
56329.63685889954	1.0010571362280118	0.0005290530154294992
56329.65729205216	1.0005803292376383	0.0005290287361885728
56329.67772530512	1.0017057734388333	0.0005291693548078009
56329.69815865844	1.000978570205282	0.0005290828417815684
56329.718591812096	0.9995399786572845	0.0005289291001962377
56329.73902506611	0.9994552369447909	0.0005289463705168797
56329.759458320594	0.9993640386073416	0.0005287788322372092
56329.77989157531	1.0005244398263637	0.0005290877382528595
56329.800324930366	0.9997875121989694	0.0005290041965292015
56329.820758085894	1.0004016162735083	0.0005290661095998399
56329.84119134165	1.0003675704513948	0.000529079203994421
56329.86162469788	0.9998445833604899	0.0005290259554261211
56329.882057854455	0.9999240705751611	0.0005290507901782464
56329.90249111138	1.0005363867214527	0.0005291552942886924
56329.922924468534	0.9997751952256594	0.0005290538069850274
56329.94335772616	1.0009227180524696	0.0005290236610054312
56329.963790984126	0.9999018272587891	0.0005290780122049208
56329.984224242566	1.0008116776718503	0.0005292064019081299
56330.00465750124	1.000212437686318	0.0005291240011427871
56330.02509076025	1.0002204249609612	0.0005288259340500295
56330.045524019624	1.0000160541199108	0.000529097903189378
56330.06595727946	1.0003978973242638	0.0005291650892363157
56330.086390639524	1.0005913213791768	0.0005290228339912656
56330.10682380006	1.0002102852320285	0.0005291351523388109
56330.12725706083	1.0002697425039602	0.0005291593383552709
56330.147690422054	1.000438285512049	0.000529162840621517
56330.16812358364	0.9994134442034567	0.0005290898947056308
56330.18855694557	1.0007944924956615	0.0005292639253402484
56330.20899020773	0.9998986645285768	0.0005291575597734734
56330.229423370474	0.9993771376196144	0.0005289476173142553
56330.249856733455	1.0003331416726966	0.0005292004465925115
56330.27028999678	1.0002384625815521	0.0005292303771880567
56330.290723160455	1.0004460191716433	0.0005292361793635589
56330.31115652448	0.9997851586819728	0.00052916967926448
56330.33158978897	1.0005588116667967	0.0005292641836105915
56330.3520231537	1.0014262781825478	0.0005293751377292068
56330.37245631889	1.0002385754147305	0.0005290901551662268
56330.39288958442	0.9992135749539125	0.0005291379690155099
56330.413322850196	1.0015288705681733	0.0005294223014722482
56330.433756116436	0.9999706827621513	0.0005292747135940712
56330.45418938302	1.0008044135299061	0.0005293695813530012
56330.474622649956	0.9998603249638801	0.0005289372779784809
56330.49505591724	1.00021034585223	0.0005292997858864706
56330.51548918487	1.0000157795025804	0.0005292987107168709
56330.53592245286	1.0000890354479026	0.0005291435200030875
56330.55635572131	1.0008783504664647	0.0005292580516734206
56330.57678908999	0.9989342295184164	0.0005290457396858048
56330.59722235914	1.0004035887796385	0.0005293912508637735
56330.61765552852	0.9998530319326665	0.0005293351744836917
56330.63808889836	0.9992171984038497	0.0005292933894522672
56330.65852216844	0.9999704635685045	0.0005293834232295649
56330.67895533899	0.9998751975732155	0.0005290507654153281
56330.699388709996	1.0005194392162373	0.0005294596010820616
56330.71982198124	0.9994541545356732	0.0005293357291292394
56330.74025525272	1.0003177279713256	0.000529438912919121
56330.76068852466	1.0003200516547541	0.0005291392671076899
56330.78112179707	0.9989786580026847	0.0005293084056032566
56330.8015551697	1.0000522042581694	0.0005291165421231342
56330.82198834281	0.999483704650253	0.0005290387961595848
56330.84242161615	1.000117359944499	0.0005294247588328615
56330.86285498995	1.0005519163670844	0.0005294810596550969
56330.903721438495	1.0001082960284318	0.0005294636431947316
56330.92415481323	0.999704639253661	0.0005291390814940416
56330.94458798843	0.999867432184499	0.0005294801730667643
56330.9650213641	0.9990984213768914	0.000529401036330202
56330.985454639995	0.9974925525723095	0.0005289105575215764
56331.02632119296	0.9975062070626937	0.0005289287943236519
56331.108054203076	0.9970690359862829	0.0005288952144540531
56331.12848758154	0.9959755659017879	0.0005287611231262227
56331.148920860236	0.9963166715555534	0.0005288107079907317
56331.16935413939	0.9960746305035125	0.0005287763393402918
56331.18978741902	0.9959998801058072	0.000528769077328884
56331.21022069888	0.9965193706453499	0.0005288310136453982
56331.230653978964	0.9958886098899348	0.0005287623478844788
56331.25108735976	0.9952183983252253	0.000528711127219141
56331.27152054055	0.9952367790840659	0.0005287092484059551
56331.29195392203	0.9960317156101024	0.0005288147060554444
56331.31238720352	0.9956954588136288	0.0005287845646459682
56331.353253768124	0.9956847409426932	0.0005287859507680431
56331.37368705078	0.9959916697094302	0.0005288502106658784
56331.3941202339	0.9959747339185007	0.0005288257890067004
56331.41455361748	0.9957695162797345	0.0005288326967392089
56331.434986901295	0.9966250509147675	0.0005289299439909167
56331.455420085345	0.9959937763966219	0.0005288773777061985
56331.47585347009	0.9960334684808049	0.0005288973696337405
56331.49628675484	0.9966640990455923	0.0005289478626014077
56331.51672014028	0.9961007027681898	0.0005288994065379512
56331.53715332573	0.9966500798923615	0.0005289634553961251
56331.557586611874	0.9958481265664447	0.0005289005103828446
56331.57801999825	0.9967452517559131	0.0005290122579982918
56331.59845318486	0.9968445609994889	0.0005290270915320558
56331.70061962397	0.9988417153682156	0.0005292686504004672
56331.741486302075	1.0004834820603303	0.0005295134241009883
56331.761919491706	1.0009503296483213	0.0005297244493618524
56331.78235278181	0.9998819970334678	0.0005294405808545099
56331.80278617215	0.9997956383118399	0.0005294470072505469
56331.82321946271	0.9994992600577557	0.0005294088103700436
56331.84365265375	0.9995661830000834	0.0005294200179131194
56331.88451933698	1.0006673498866325	0.0005298842652095092
56331.90495262918	0.9992222130920261	0.0005294224265423172
56331.92538592161	0.9998090094665443	0.0005295056187090716
56331.9458192145	0.9996459056868121	0.0005294925606405659
56331.98668580123	1.0000090738031673	0.0005295529078634074
56332.00711909529	0.9994834242489465	0.0005294911058888616
56332.027552489584	0.9992802724591565	0.0005294791111261971
56332.047985684345	1.0009141195110183	0.0005298184400765985
56332.06841907933	1.0008004101558041	0.0005299809420441413
56332.08885237456	0.9997553238545938	0.0005295486064127035
56332.109285570485	1.0005989734106286	0.0005296765825377164
56332.12971896664	1.000936197290411	0.0005296943267093785
56332.15015226303	0.9997861667570062	0.0005295869532325223
56332.170585459884	1.0010383193690335	0.0005297195235808947
56332.19101885697	0.9993144481474432	0.0005295643817385161
56332.211452154756	0.9999718194407448	0.0005296530342447172
56332.23188555254	1.0002658961804085	0.0005296838537789947
56332.25231875079	1.0010441111190054	0.0005297626894061359
56332.27275204951	0.9993860515127211	0.0005295965725476445
56332.29318544846	0.9999527367903013	0.0005296710363951553
56332.31361864787	1.0011456561578977	0.0005301274019025724
56332.33405194776	1.0000883648788816	0.0005297110695235919
56332.35448524764	1.0006800182062738	0.0005297871731605296
56332.374918548216	1.000608378256165	0.0005297916632270383
56332.39535184903	0.9987579244318998	0.0005295925119415542
56332.41578515031	1.0009857214831792	0.0005301569769148297
56332.43621845182	1.000225735312328	0.0005297560818727156
56332.4566518538	1.0004446236601001	0.0005298199593996246
56332.49751835868	0.9988730104897383	0.0005296465567961574
56332.51795176159	0.9997146318889664	0.000529755632441359
56332.53838506497	0.9993152659460428	0.0005297144798245253
56332.55881826857	1.0009755681720744	0.0005302014181691985
56332.57925167264	0.999566699640637	0.0005297688805205681
56332.59968497718	1.0009376287460023	0.0005300850054634561
56332.62011838195	1.000048988364678	0.0005298192516566745
56332.64055158719	1.000238358332915	0.0005298558693311468
56332.66098489266	1.0008502241240937	0.000529945851382842
56332.68141829859	0.998610245782958	0.0005296718029647715
56332.70185150499	0.9991335460207451	0.0005297272784838074
56332.72228481162	0.9993958599525338	0.0005297674946139212
56332.74271821849	1.0000936061933987	0.0005300222025942143
56332.763151425825	0.999040477040203	0.0005297432293820324
56332.783584733625	1.0004816293986465	0.0005302286815946177
56332.80401814165	1.000319265478709	0.0005299048046599899
56332.82445135015	0.9998546527860949	0.0005298645105397157
56332.84488475887	1.0001979175138849	0.0005298996514177893
56332.86531806807	0.9998174928825141	0.000529877599363859
56332.8857512775	1.0005340945239662	0.0005299712117103192
56332.90618468739	0.9995801818213784	0.0005298451170813504
56332.92661799775	1.0014537414708875	0.0005302465607418589
56332.94705130834	1.0001649650327338	0.0005299362601045148
56332.967484619396	1.0011121468956032	0.0005303714489692877
56332.98791793069	0.9991856568524781	0.0005298634639875171
56333.008351242446	0.9994114874516092	0.0005298689033711906
56333.02878455443	0.9998868066370518	0.0005299432672603148
56333.04921786689	0.999939680390379	0.0005300942129978085
56333.069651179576	0.9991843369868856	0.0005298619541463322
56333.090084492724	1.0001053865152527	0.0005301274402755552
56333.110517806344	0.999754170933524	0.0005299416575643038
56333.1309512202	1.0003653083132156	0.0005300167910964966
56333.15138443451	0.999713921345408	0.0005299914888108704
56333.17181774906	0.9998390981538001	0.0005299876438478567
56333.19225116408	0.9999215664948804	0.0005300172153101539
56333.21268437932	0.9987959816538765	0.0005300791537172345
56333.23311779504	1.0001384388014867	0.0005300735494623781
56333.25355111122	1.000744943232815	0.0005301605415497299
56333.27398432763	1.0006468112323053	0.0005301777284091972
56333.29441774428	0.999786689943161	0.0005300631692703508
56333.31485106162	0.9993626080696577	0.0005300215727879379
56333.33528427896	1.000193782778555	0.0005301177777807952
56333.355717697006	0.9999595256668248	0.0005301411979504938
56333.37615101528	0.9998107668113946	0.0005301046222405437
56333.39658443379	1.000037151549147	0.0005301383988039172
56333.41701765276	0.9991936436549459	0.0005300496587324874
56333.43745097197	1.000874273983141	0.000530411588259355
56333.45788439187	0.9994048502252011	0.0005301043257402566
56333.47831761178	0.9995197150779253	0.0005301420560115509
56333.498750932384	0.9994987286151695	0.0005301255567958217
56333.51918435298	0.9999558800124853	0.0005303363236920565
56333.539617574286	1.001205249480526	0.0005303477393422887
56333.56005089582	0.9995355753078221	0.0005301455305361956
56333.58048431759	1.0008355102937894	0.0005304780735830051
56333.60091763982	0.9998687662369151	0.0005301916898080769
56333.621350962516	1.0003617991555753	0.0005305692991395451
56333.64178428545	0.999215417962195	0.000530134794252696
56333.66221750885	1.000151976104342	0.0005302382841055562
56333.682650932475	1.000265202707585	0.000530297774990604
56333.70308425657	1.0004367228227045	0.0005304399398020341
56333.723517481136	1.00013770765844	0.0005302564584378288
56333.743950905926	0.999010135857375	0.0005301499116426364
56333.764384230955	1.001533447314045	0.000530455807223762
56333.78481755645	0.9994419113622125	0.0005302120016591799
56333.805250882404	0.9997849048177863	0.0005302596163885692
56333.8256842086	1.0006303599215935	0.0005303703096229626
56333.84611763526	0.9989313928867198	0.0005301876438741608
56333.866550862374	0.9996832478228609	0.000530267445878302
56333.8869841895	1.0004092548318244	0.0005303734234419779
56333.90741761732	0.9989537096453267	0.0005302057899966719
56333.92785084537	1.0001849811138328	0.0005306862540646445
56333.94828417389	0.999858566802661	0.000530332050247523
56333.96871760265	0.9989923837886938	0.0005302218562896584
56333.98915083186	1.000180004116978	0.0005304007315511427
56334.009584261315	0.9993149279366061	0.0005303058750948435
56334.030017591234	0.9993755147170698	0.0005303314153671325
56334.05045082161	0.9995910962580337	0.0005303359401948057
56334.07088425223	0.99934382267062	0.0005303413781477027
56334.09131758308	0.9997341362787597	0.0005303842856437285
56334.11175091439	0.9987218347198921	0.0005302735631059446
56334.13218424617	0.99954506904832	0.0005303952625101595
56334.15261757842	0.9990788623501825	0.0005303363966133939
56334.17305101066	0.9995618258803332	0.0005303998089513459
56334.1934842436	1.000065030646545	0.0005304470670404853
56334.21391757678	0.9995009160084523	0.0005303914533788583
56334.23435101042	0.9999195220940005	0.0005304567548303215
56334.275217578404	1.000190080361728	0.0005304700346062022
56334.295650913205	0.9987807902918765	0.0005303387097819358
56334.31608424825	0.9996961347091562	0.0005304410135873636
56334.33651758352	0.9995036664476291	0.0005304389279170415
56334.356951019254	0.999745164897027	0.0005304899421392414
56334.37738425546	0.9996154575278587	0.0005305076277543403
56334.39781769189	0.9996840990875969	0.0005304746728191941
56334.418251028794	1.0004986283314232	0.0005305926284304675
56334.43868426593	0.998401967167054	0.0005303796743705355
56334.45911770353	1.0000038247118013	0.0005305694768898211
56334.47955104136	1.0006248148467045	0.0005306537880536707
56334.49998427966	1.0004050486291887	0.0005306393920435074
56334.52041771842	0.9997089905411388	0.0005305621787309704
56334.54085105742	0.9996511448366757	0.0005305583413289816
56334.56128449665	0.9999050445741207	0.0005305759454441656
56334.58171773658	0.9993298699031032	0.0005305324174351944
56334.60215107674	1.0000254193598177	0.0005306377185268072
56334.622584517136	1.0001789464686355	0.0005306557591453941
56334.64301775799	0.9992953063868473	0.0005305764281165984
56334.663451099084	0.9996565937711573	0.0005305977425625035