55467.5891115159	0.9996487853216284	0.0006536822401426979
55467.62997729796	0.999950523329019	0.0006538459717857164
55467.65041018876	1.0004231212276389	0.0006538374962312858
55467.67084317909	1.000289109159923	0.00065380748457436
55467.69127596919	1.000020409813489	0.0006538139270646637
55468.24296410455	0.9997801601005536	0.0006539966488057895
55468.263396887436	1.0006011372196308	0.0006540602337999279
55468.28382987008	1.0001657699484612	0.0006540866567017232
55468.3042627525	1.0004399264222672	0.0006540761689654148
55468.32469553445	0.9996427615476936	0.0006540263182018592
55468.3451285164	1.000826087832057	0.0006541591030690589
55468.365561397884	1.0003679727833377	0.000654094947033694
55468.38599417937	1.0000725286106031	0.0006540073365676851
55468.406427160386	0.9992758491119678	0.0006539789278605384
55468.426860041174	0.9999783786345094	0.0006540539573564999
55468.44729292173	1.0000923010259881	0.00065406752132317
55468.467725802046	1.0003516503164889	0.0006540782556842473
55468.4881586819	1.0004570527316146	0.0006541186067680182
55468.50859156176	0.9994728143694912	0.0006539973077871542
55468.52902444138	1.0010717869017025	0.0006542155794132544
55468.549457320536	0.9998641644870206	0.0006540002109841835
55468.56989029946	1.0001424885966195	0.0006540439576694855
55468.59032317838	0.999522091135769	0.0006539945781394476
55468.61075595684	1.0001299102119483	0.0006540801405299523
55468.63118893506	0.999995847366174	0.0006540702815073317
55468.65162181306	1.0012175880150416	0.0006542882080483939
55468.67205459082	0.9998031624659415	0.0006540463189703421
55468.692487568114	0.9995734103087406	0.0006539976309970918
55468.7129204454	0.9992006039174698	0.0006539857282775721
55468.73335322223	0.999686483025509	0.0006540032223660851
55468.75378619906	1.0003168473500479	0.000654157168114975
55468.77421907542	0.99970238917175	0.0006540167524738594
55468.79465185155	0.9996172783620787	0.000654028870282091
55468.81508482745	1.0007450327336394	0.0006541963986038662
55468.83551770311	0.999928128150793	0.0006540274190238126
55468.855950578545	0.99744886616389	0.0006537686293105777
55468.87638345374	0.9973743651263216	0.0006536916444269646
55468.896816328706	0.996529318019221	0.0006535937514662728
55468.91724920321	0.9975747937186076	0.0006537811190307659
55468.93768207771	0.9959411206005974	0.000653524356534378
55468.95811495174	0.9958820244864022	0.0006535442871269803
55468.978547825776	0.9958855581008264	0.0006535202794200172
55468.99898069934	0.9950570142120233	0.0006534445517736451
55469.01941357268	0.9962003825735937	0.000653550378331044
55469.03984644578	0.9968525854009468	0.0006536583586933778
55469.08071219129	0.9960289892142971	0.0006535363946392333
55469.10114516346	0.9955434618563399	0.0006535272268908308
55469.12157793563	0.9942920994357645	0.0006533269149056304
55469.14201090757	0.9961243704598468	0.0006535665537829327
55469.162443779045	0.9949696874921735	0.0006534230551533761
55469.18287655028	0.9955939726890737	0.0006535391633142377
55469.20330952152	0.995809354611939	0.0006535204689649716
55469.2237423923	0.9957300886881476	0.0006535080942076072
55469.244175162836	0.9966532209310927	0.0006536402531776184
55469.26460813315	0.9965552008888344	0.0006536502015139601
55469.285041003226	0.9974131418570666	0.0006538337508898565
55469.30547377283	0.9963315396115954	0.000653631488745338
55469.325906742444	0.9955817011180177	0.0006535936940064589
55469.346339611824	0.9955241290776689	0.0006536036423374104
55469.36677238073	0.9959431708985681	0.0006536901337612289
55469.387205349645	0.9969662734859268	0.0006537453572044772
55469.407638218094	0.9957418786280418	0.0006536017791253682
55469.4280711863	0.9961309579538333	0.0006537502252617937
55469.448503954285	0.9973232780896212	0.000653857090760652
55469.468936822035	0.9969066340343362	0.00065381366804658
55469.489369789546	0.9964162287249853	0.0006537060268584154
55469.50980255683	0.9964128927991068	0.0006537855230244171
55469.53023542388	0.9971752583205813	0.0006538069475208049
55469.55066829069	0.9977645411886449	0.0006539199600894173
55469.571101157046	0.9990373555213194	0.000654092459456783
55469.5915340234	0.9997557375325099	0.0006541535000403336
55469.61196698928	0.9995756724822582	0.0006541957860201737
55469.63239975493	0.9999646302791182	0.0006542199304637731
55469.65283262059	0.9990091301122017	0.0006541924641582506
55469.67326558577	1.000450473705059	0.0006542715207667043
55469.693698350726	1.000633460905543	0.0006543438490280743
55469.71413131544	0.9991066400215216	0.0006542069513693588
55469.73456417993	0.9990342761857272	0.0006541333763328697
55469.75499694419	0.9990648354135132	0.0006542040696891897
55469.77542990798	0.9993737605182439	0.0006541534310242403
55469.79586277177	0.9991134403206535	0.000654226262482783
55469.816295535325	0.9992248825592032	0.0006541533632830333
55469.83672849841	1.0011067263964122	0.0006544688437071522
55469.85716136127	0.9992949464789309	0.0006542209260001684
55469.87759412413	0.999370530062534	0.0006541623796852019
55469.89802708653	0.999999640217998	0.0006542774214784798
55469.91845994868	0.9999879742410065	0.0006542477541069997
55469.93889281061	0.999836095012751	0.0006542499526334947
55469.9593256723	0.9999188634422468	0.000654195446438925
55469.979758533766	1.000594807399796	0.0006544056147753137
55470.000191495	0.9995027324110841	0.0006541649747951666
55470.02062425576	0.9998947283344918	0.0006542342223628273
55470.04105711652	1.0001160913612785	0.000654265095588003
55470.06149007705	1.0012096124620098	0.0006543497182200403
55470.08192293711	1.0003558312320253	0.0006543071125431966
55470.10235569718	0.9995797884395866	0.0006541614569450721
55470.12278865678	0.9998025666555779	0.000654353106954681
55470.14322151614	1.0003565985465352	0.0006543422572693166
55470.163654275275	1.0003043257817241	0.0006543709140167984
55470.18408723418	0.9998802551246303	0.0006542681445859719
55470.20452009284	0.9989198515644045	0.0006541106193285632
55470.22495285128	1.000581874407273	0.0006544446221856248
55470.24538580948	0.9992801073220104	0.0006541540668959396
55470.26581856745	1.0005742637492963	0.0006544623822364553
55470.28625152518	1.001552714849346	0.0006545419748058335
55470.306684382456	0.9995435060688356	0.0006542613389713539
55470.32711713972	0.9989601334861333	0.0006542194561251367
55470.34755009653	1.0007708344583275	0.0006544279758584993
55470.367982953336	0.9998280345955326	0.0006543702620965692
55470.388415709676	0.9992664504106182	0.0006542733088401592
55470.40884866578	1.000212094427075	0.0006543243366312223
55470.429281521654	0.9998872515120464	0.0006543615929309597
55470.44971437729	0.9996997307483801	0.0006541528635494528
55470.4701472327	0.9989768010525815	0.0006542358363469527
55470.49058008788	0.9998188458025805	0.0006542538030313203
55470.511012942814	1.0000309990912126	0.0006543931513989631
55470.531445797526	0.9999303678824322	0.0006542538140071025
55470.551878652004	0.9991427605552662	0.0006542732585044563
55470.57231160601	1.0009797423595144	0.0006544994027711762
55470.61317721357	0.99973468340499	0.0006542378005183982
55470.63361016711	1.0009079110029706	0.000654507083641236
55470.65404302019	0.9989063864239971	0.0006543084775419074
55470.67447577304	0.9990611111597761	0.0006542311748141993
55470.69490872588	1.0008550075599247	0.0006544723176890939
55470.73577433042	1.0001653855606918	0.0006543860831027465
55470.75620728233	1.0024854072050764	0.0006547506212215062
55470.77664013401	0.9996726215316866	0.0006543658140209923
55470.79707288546	1.0008648924931696	0.0006545150520903181
55470.817505836676	1.0001121809169928	0.000654409608401978
55470.83793868743	1.000376011536252	0.0006545003169494359
55470.85837153818	0.9987012077912079	0.0006542441547221144
55470.878804388696	0.9995856767896998	0.000654360221464912
55470.89923723875	1.0000194216466063	0.0006544299581326128
55470.919670088806	0.999745903899643	0.0006543569311169952
55470.94010293839	0.9995947907906934	0.0006544399836805665
55470.960535687744	1.0002161684914863	0.0006545161190201592
55470.9809686371	1.0003291869477868	0.0006544271978249117
55471.001401485984	0.9994181590310106	0.0006543708665450637
55471.02183433464	0.9999680062338484	0.0006544821231186535
55471.04226718307	0.9989263968193253	0.0006543647149395743
55471.06270003125	1.001364047260706	0.0006546068978694244
55471.08313287921	1.0002676804642285	0.0006544631094249934
55471.10356582694	0.9997234419703539	0.0006543905222630212
55471.123998574425	0.9999131330531078	0.0006544965911433036
55471.144431521454	0.9994975407114995	0.0006543316416080619
55471.164864368475	0.9997258118366832	0.000654472941902765
55471.18529711527	0.9996917739558071	0.0006544173807099297
55471.22616290793	0.9997586652713103	0.0006544492746227066
55471.246595653785	0.9999237374618624	0.0006543847207488219
55471.26702859965	1.000454172767034	0.0006546571056316739
55471.28746144504	1.0002846961527532	0.0006545208940945535
55471.307894190206	0.9998844461866954	0.0006544387165611243
55471.32832713514	1.0003182590973647	0.0006544576742072104
55471.34875998007	1.0012876353405433	0.0006547193849429646
55471.36919272453	1.000469417732903	0.0006545879995904514
55471.389625668766	0.9992633535727329	0.0006544832617823566
55471.41005851276	1.0006150742310294	0.0006546330526241948
55471.43049145653	1.0000513052114601	0.000654510156548783
55471.45092419983	1.0002946866335625	0.0006545767028924537
55471.47135704313	1.0002772663080153	0.0006545866523332577
55471.4917899862	0.9995289113188025	0.0006544818356300341
55471.512222729034	1.0007658381686633	0.0006547040239274865
55471.5326555714	0.9993998042009313	0.0006545085732513223
55471.55308841377	1.000647768775828	0.0006547267528478478
55471.573521255676	1.0004205147255034	0.0006546055857067694
55471.593954097574	0.9996992929539039	0.0006545542216018079
55471.614386939014	0.9999870726100889	0.0006544240144031891
55471.634819780455	1.0012156242554409	0.0006548699982684922
55471.65525262142	0.999970719886971	0.0006546547379996085
55471.675685562164	1.0003962988449524	0.0006547436250357959
55471.69611830267	1.0006542873131463	0.0006547655858357258
55471.716551243175	1.000235654743341	0.0006546425316738254
55471.73698408322	0.9991831467576252	0.0006545614537664818
55471.75741682303	1.0006771595937605	0.0006546602297689615
55471.7778497626	1.0001925431604173	0.000654639726770533
55471.79828260194	0.9993855249649469	0.0006544968159868045
55471.81871534082	0.999153395047818	0.0006544350753009232
55471.839148279694	0.9997826007877972	0.0006545979953299005
55471.85958111834	0.9996362004307355	0.000654529242823745
55471.88001385675	0.9993677063114774	0.0006545628061225103
55471.900446794694	1.0009511020878352	0.0006547734257151288
55471.92087963264	1.0001621614589307	0.0006546627123148252
55471.94131247036	0.9998293659217169	0.0006546007356948001
55471.9617453076	1.0002909190688076	0.0006546337331311327
55471.98217814485	1.0000062784931105	0.0006547030632178617
55472.002611081625	1.0001043172467905	0.0006547027466628979
55472.023043818175	0.9989461675598835	0.0006546290573233099
55472.043476654726	0.9995014850037673	0.000654673327252442
55472.06390959081	1.001026088901365	0.0006548838377796215
55472.08434242666	1.0011357467209265	0.0006548629731358881
55472.10477516251	1.000340780900324	0.0006548194692910838
55472.12520809789	1.0001900877949539	0.0006547534834297772
55472.14564093304	0.9994602082885863	0.0006546799510938423
55472.16607366796	1.0004215086859096	0.0006548469603211397
55472.18650660265	0.9997121453065487	0.0006547860524704944
55472.2069393371	0.9997506935439262	0.0006547547642199354
55472.22737217132	1.0001307329173947	0.0006548202115697417
55472.247805105304	0.9988990143713447	0.0006545666654826937
55472.26823783906	1.0008588034958237	0.0006549097583631292
55472.28867077235	1.0003989579541173	0.0006548093416774244
55472.32953633869	0.9997390200228302	0.0006546817713028518
55472.34996927129	0.9999565291531353	0.0006548190672453039
55472.37040210387	1.0001954201166634	0.0006548305263496324
55472.39083483623	1.0001131155553609	0.0006547435357338906
55472.411267768126	0.9990590477009909	0.0006547144955064183
55472.43170060002	1.000251622250314	0.0006548573887233775
55472.45213333144	0.9995294404447433	0.0006548686592106669
55472.47256626287	1.0007840548098985	0.0006549644029757696
55472.492999093825	0.9996831968869507	0.0006549061673949405
55472.513431924555	0.9991258411741708	0.0006547648104722977
56040.645891844375	1.0006813239068046	0.0006196922229336877
56040.66632634258	0.9992937791357116	0.0006195784514195715
56040.68676094095	1.0003875431699911	0.0006196982162971683
56040.70719533945	0.999221747338695	0.0006196105886297755
56040.72762983806	0.9998493402626157	0.0006196402734065468
56040.7480644369	0.999430251176715	0.0006197048890036981
56040.7684988358	1.000418707181253	0.0006196815864585481
56040.78893333488	0.9999657449854998	0.0006196203048376956
56040.809367934125	0.9989753684005449	0.0006195491941305437
56040.82980243355	1.0001800798049907	0.0006196528929264986
56040.850236933096	1.0002369582620438	0.0006197255489617134
56040.870671332756	1.000886695083363	0.0006197126354851295
56040.891105932584	0.9996176674024403	0.0006195800928308499
56040.93197493271	1.00179497938632	0.000619789542779638
56040.95240933295	0.9992221027926765	0.0006195337942369671
56040.97284393337	1.0000594002307355	0.0006195993271170327
56040.993278433954	0.9995386632701394	0.0006195056502499424
56041.01371283466	1.000577300666097	0.00061957281607942
56041.034147435545	0.9999839966536762	0.0006194467593043059
56041.054581936536	0.9990422583307736	0.0006194851221359531
56041.07501653765	0.9996666421210951	0.0006196061611937077
56041.095450939	1.0001853160436915	0.0006196120506264716
56041.1158854404	0.9997080804773992	0.0006194361488748165
56041.13632004198	0.9994630882100141	0.0006194234222565909
56041.156754443735	1.0010430046535788	0.0006196041975379707
56041.1771889456	1.0006306224940147	0.0006195803353979168
56041.19762354765	0.999336425481285	0.0006193791615362759
56041.21805794981	0.9993763829587925	0.0006194516770757125
56041.23849255214	1.000568017954519	0.0006195094956319354
56041.27936145722	0.9992842466518245	0.0006194352394064124
56041.29979605996	1.0005440920749313	0.000619480958226019
56041.32023056288	0.999891584902557	0.0006194465362564765
56041.340664965915	1.0005190123658858	0.0006195053966713772
56041.36109956912	0.9991781173309374	0.0006194264331245048
56041.38153407245	0.9996170670867364	0.0006193488071511923
56041.40196857595	1.0001277743299333	0.0006194156769168339
56041.42240307956	1.001039432586584	0.0006194765123567082
56041.44283758335	1.0001372987577464	0.0006193950917393216
56041.46327218726	1.0007696697693211	0.0006194517746902488
56041.48370659128	1.0004441654205745	0.000619448674981479
56041.50414109548	0.9994925773475287	0.0006193122775515942
56041.52457569985	0.9998014625707623	0.0006193771408999069
56041.54501010434	0.9999246391087817	0.0006193584735191319
56041.565444609005	0.999781935880159	0.0006193933211205714
56041.58587921373	0.9992478319141855	0.0006192353220636902
56041.60631361868	1.0011851188979142	0.0006194814455015844
56041.62674822375	1.0001795674616092	0.0006193709738733478
56041.647182728935	0.9992923376057836	0.0006192664121661247
56041.6676171343	0.9999789827110704	0.0006193878694566699
56041.708486245436	1.0009817109436339	0.000619275822547313
56041.7289206512	0.9987483090146726	0.0006192279018203036
56041.74935525715	0.9992488878658582	0.0006192380837228183
56041.7697897632	0.9993862474856793	0.0006192158861953271
56041.79022416944	0.9989770295530629	0.0006192040774731896
56041.810658775794	0.9998589284724382	0.0006192456123246169
56041.831093282264	0.9993740033259958	0.0006192232904109263
56041.8515278889	1.0003690422621965	0.0006193843737708285
56041.87196229566	1.0003211451123015	0.0006193052402237833
56041.89239680259	1.0005904160662793	0.000619393042223657
56041.93326581687	1.000598104770803	0.0006193398292013887
56041.953700324215	1.000474111643289	0.0006192756724170247
56041.9741349317	1.0002846447357672	0.000619313505687675
56041.99456933933	0.998901562926571	0.0006191666901661016
56042.015003947105	1.001222031121745	0.0006193747554306358
56042.03543845503	1.0008026126612448	0.0006193624645874445
56042.05587296307	1.0001635386821761	0.0006191246547198589
56042.07630747125	1.0001002920982092	0.0006192404032750917
56042.096741979614	0.9997481525811833	0.0006192512227149588
56042.11717648809	1.0002950711147527	0.000619288418235239
56042.13761099668	0.9999440982525873	0.0006191544335937046
56042.15804550545	0.9998250516034242	0.0006191914580542971
56042.178480014365	0.9994295853046973	0.0006192148745498745
56042.19891452339	0.999326557505639	0.0006191385410774561
56042.219349032566	1.0000662873291806	0.0006191743679932324
56042.23978364189	1.0006570137079847	0.0006192709405654553
56042.280652560934	1.00027777157618	0.0006192129537053076
56042.301087170694	0.9995902421484558	0.0006191540229688705
56042.32152158056	0.9996612088107488	0.0006190936304206835
56042.34195609058	1.0006594391090684	0.0006192017733685441
56042.36239070075	1.0004041896370268	0.000619165004107936
56042.38282511105	0.999883781599212	0.0006191378459235859
56042.40325972148	1.0008972510477783	0.000619229068291342
56042.42369423206	1.0011628790132128	0.0006192354864836841
56042.44412864277	0.9998960931844553	0.0006191439437958514
56042.464563253634	1.0002311913039816	0.0006191456342745844
56042.484997764615	0.9993803089724308	0.0006190563778387422
56042.505432175734	0.9995215228520986	0.0006190343363319806
56042.52586678704	1.0003404365910937	0.0006191293842120188
56042.546301298455	1.0007780822021186	0.000619182302240496
56042.56673570998	0.9998821478630949	0.0006191029057894709
56042.58717032166	1.0002996692838555	0.0006191929458230747
56042.607604833516	1.0002182901293835	0.0006191565966911446
56042.62803944545	0.9987322776779267	0.0006189932054107475
56042.64847385757	1.0002641741398108	0.0006190675692173493
56042.6689083698	1.000552988427694	0.0006192464405492495
56042.68934298217	0.9998356373250932	0.0006191226285970523
56042.709777494696	0.9999061055184838	0.0006190368407054172
56042.73021190733	0.9999189079285957	0.0006190382357487139
56042.750646520144	0.9997714656568227	0.0006190595680603474
56042.771081033046	1.0005655226650256	0.0006191809288021721
56042.791515546116	0.9994175629476817	0.0006191438489145571
56042.81195005931	0.9985757545978706	0.0006189887629846647
56042.83238457265	0.9998571223659414	0.0006191404804235064
56042.852819086125	1.0001792005269692	0.0006191418287533736
56042.873253599726	1.000474638387794	0.0006190744699041855
56042.8936880135	0.9999483895328178	0.0006190976994245202
56042.914122627386	1.0008179312334256	0.0006191917510476287
56042.934557141394	0.9996652633431983	0.0006190446124475782
56042.95499155555	0.9991345834956307	0.000619012664815666
56042.97542616984	0.999749684428661	0.0006190618810535405
56042.995860684285	1.0007879593166327	0.0006192224466967146
56043.01629529885	1.0009717509330507	0.0006191545903945858
56043.036729713545	1.0001795405162965	0.0006190647131220477
56043.05716422837	1.0004103291205466	0.0006191149245355365
56043.07759884337	0.9990016711895019	0.000618991222711476
56043.09803325847	0.9996190408415603	0.0006190207194348408
56043.118467773704	1.0000198544981749	0.0006190781778173444
56043.13890238911	0.9996058290336433	0.0006190904900069241
56043.159336804594	1.0001575543988295	0.0006190984633084512
56043.17977142026	0.9995272075271711	0.0006190653961154952
56043.200205936046	0.9992951357386355	0.0006189841036930393
56043.24107496801	1.0006963336368413	0.0006191697483868807
56043.28194400053	1.0002781289121365	0.0006191339395032151
56043.302378516986	1.0000520135497635	0.0006190602052728742
56043.322813033585	0.9998505786054191	0.0006189863311545024
56043.34324755032	0.999765111140346	0.0006190424051522485
56043.36368206718	0.9986820644518457	0.0006189531507274038
56043.38411658419	0.9997365655392999	0.000619090792035199
56043.4045512013	1.0003478961314458	0.000619148592102424
56043.445420135984	0.9997494991068361	0.0006190020105863517
56043.46585475351	0.9993442481580683	0.0006189906068034164
56043.48628917118	0.9997470333085716	0.0006189848481968432
56043.50672368897	1.0001037236919295	0.0006190991153111738
56043.527158306904	1.0006454597408347	0.0006191143199306143
56043.54759272496	1.000893336259839	0.0006191407370866974
56043.56802734315	0.9998055357948277	0.0006190364604347494
56043.588461861495	1.0005484747916087	0.0006191190491496558
56043.608896279955	0.9978261808352005	0.0006187924814523668
56043.62933089856	0.9969896779257638	0.0006187169440395883
56043.64976541728	0.9972183964163879	0.0006187509970404241
56043.670199836146	0.9955661803410497	0.0006186124457072657
56043.690634455124	0.9959582815959553	0.0006186526259492398
56043.711068974255	0.9958324145658412	0.0006186760729291544
56043.7315033935	0.9967072125331139	0.0006187433123876526
56043.75193801292	0.9960610918455763	0.0006186426287689157
56043.772372532425	0.99501990663523	0.0006185689734110271
56043.79280715208	0.9966983010569814	0.0006187742149698174
56043.81324157187	0.9952619584970246	0.0006185760560536279
56043.83367609179	0.9959336393251749	0.0006186228299129473
56043.85411071185	0.9972571663596914	0.0006187754611952821
56043.87454513203	0.9953961052845482	0.000618640705063554
56043.894979652345	0.9953862670014475	0.000618569382619795
56043.915414272786	0.9950369450938225	0.0006185961419361172
56043.935848793364	0.9956715501804514	0.0006186665690944758
56043.956283314066	0.9968645525287407	0.0006187111189392804
56043.976717834914	0.9948484973954222	0.00061859482247959
56043.99715235587	0.9959670552990512	0.0006186367286097132
56044.01758687695	0.9947749365292048	0.0006185593414171095
56044.038021398206	0.995762785533232	0.0006186589424572437
56044.05845591954	0.9951396860294701	0.000618583468128342
56044.07889054103	0.9955713148024349	0.0006185671039079787
56044.09932496266	0.9961426704163681	0.0006186261784404635
56044.119759484376	0.9970434146412362	0.0006187270077854368
56044.14019400627	0.9954135339380293	0.0006184896771477679
56044.16062852828	0.9960172195922573	0.0006186544994325005
56044.181063150434	0.9952317990655528	0.000618473977386042
56044.20149757271	0.9954636410851889	0.0006185885693563578
56044.2219320951	0.9963770575262172	0.0006186114562304067
56044.242366717626	0.9955686068147762	0.0006185411141390928
56044.26280114028	0.9962178867025713	0.0006185885562152754
56044.283235663046	0.9977380586368394	0.0006187361317754811
56044.30367028598	0.9969308681067068	0.0006186768310037741
56044.32410470901	0.9966413584499643	0.0006185955721646291
56044.34453933219	0.9994753449767342	0.0006189270234210745
56044.364973855474	1.0006720654774384	0.0006189626930193549
56044.38540827891	1.0000754831153	0.0006189353652367044
56044.405842902466	1.000320477669206	0.0006189357494545678
56044.42627742616	1.0008076950473543	0.0006191286089532952
56044.446711949975	1.0002010053523944	0.0006189022745094373
56044.46714647391	0.9989371920033668	0.0006189014302139523
56044.48758099801	1.0014690420142383	0.0006191276619260546
56044.5080155222	0.9997438307536843	0.0006189156969649358
56044.52845004651	0.9993507047904844	0.0006188980109255716
56044.54888457096	1.00016200395204	0.0006189931318370906
56044.569319195565	0.9983132122836909	0.0006187561457257982
56044.58975372028	0.9999526164480546	0.000618957277651704
56044.61018814511	0.9995431626609202	0.0006188816487023951
56044.63062277006	1.000187551556188	0.000618954422689618
56044.65105729515	1.0020638399920048	0.0006191166768132869
56044.671491720364	0.9996172113696226	0.0006189192684129055
56044.7123608712	1.0000516181644654	0.0006189531292484599
56044.73279549681	1.0017111695889211	0.0006190389657914779
56044.75322992252	0.9998174901202554	0.0006189039481156314
56044.773664448396	0.9994197012524744	0.0006188526877764673
56044.794098974366	1.000410515027535	0.0006189898111156172
56044.81453350045	0.9992068322831911	0.0006187891999990022
56044.83496802671	0.999817317135799	0.0006188893432236721
56044.855402553054	0.9995787234191709	0.0006189074088114026
56044.87583707955	0.9995932981130278	0.0006188939061142031
56044.93714065975	1.0009297639695025	0.0006189608078017094
56044.95757528673	0.9994656709127397	0.0006188823181493096
56044.978009713835	1.0007865309487862	0.0006189634889575598
56044.998444241086	0.9998850837747091	0.0006188504765591705
56045.018878868446	0.9998077529432527	0.0006188030420601655
56045.03931329593	0.9995753339996135	0.0006188107041210958
56045.05974782356	1.0007115255472012	0.0006189444520498391
56045.0801824513	1.0004026586866734	0.0006189094271067335
56045.10061697916	0.9995167803404338	0.000618803754993751
56045.121051507136	0.9991729873658113	0.000618760939221396
56045.14148603525	1.0000608154995128	0.0006188056432102124
56045.16192056349	0.9989446941418257	0.0006187523462689095
56045.18235509185	1.0009875068861491	0.000618931579765955
56045.22322414893	0.9994084908328464	0.0006187003467736823
56045.24365877767	1.0001894519815298	0.0006187776605536133
56045.26409320654	0.9999546548872738	0.0006187551075367445
56045.28452773551	0.9995556269643536	0.0006187462236168958
56045.30496236462	0.9999039507156348	0.0006188484961347356
56045.32539679384	0.999173055829326	0.0006187316436971088
56045.34583142319	0.9995578924356647	0.0006186974432815366
56045.36626595268	0.9999006329615621	0.0006187314326338954
56045.38670038225	1.0001004624648446	0.0006187188787918805
56045.40713501198	1.000691919683356	0.0006188841779045789
56045.42756954182	1.0002424620311694	0.0006187412317442633
56045.4480039718	0.9989512482520922	0.000618711696608703
56045.4684386019	1.001266011557667	0.0006189238806527811
56045.48887313211	1.0010540746590082	0.0006188423907900355
56045.50930766245	0.9997381369459503	0.0006186834277995234
56045.5297421929	0.9999233015854085	0.0006187275249213761
56045.55017662347	1.001115150234979	0.0006188560929055906
56045.570611254174	1.0014235369406355	0.0006189043730045363
56045.61148021595	1.001239485400991	0.0006188515852431958
56045.63191484701	1.0003284886381545	0.0006187006934823228
56045.652349378215	0.9998968701951358	0.0006186510827323141
56045.67278390951	1.0009504240710343	0.0006188254934146738
56045.693218440945	1.000502524322085	0.0006187611251768257
56045.7136529725	1.0001081811073822	0.0006187768889637621
56045.73408760417	0.9999439551420318	0.0006187769155894529
56045.75452203596	1.0010616838823627	0.0006187194830125301
56045.7749565679	1.000226017189807	0.0006187259631354342
56045.795391199914	0.9995302904172791	0.0006186870202004971
56045.81582573208	1.0000946218173468	0.0006186927228081349
56045.83626016437	0.9989606983552854	0.0006185903650039134
56045.85669479676	0.9995142529786015	0.0006186689527984923
56045.87712932928	1.00072123828163	0.0006188038021573529
56045.897563961946	1.000154162100086	0.0006187731321342213
56045.91799839469	1.0005453684098236	0.0006187306904428307
56045.938432927585	1.000235528573854	0.0006187344181027971
56045.9588675606	0.9993592328092167	0.0006186631459370989
56045.97930199369	1.000191760472045	0.0006187591499525675
56045.99973652694	1.000505524800469	0.0006186935071057047
56046.02017116033	1.0001304826772919	0.0006187157708836621
56046.061040127395	0.99960541402376	0.0006186637458782828
56046.08147476114	0.9990194317243352	0.0006186383321036069
56046.10190919496	1.0006559590609025	0.000618745096711234
56046.12234382893	1.0003379099841525	0.0006186923142406913
56046.14277836302	1.0000075297839985	0.0006186795429498019
56046.16321279719	1.0002461846389346	0.000618711152431539
56046.18364743151	1.0010646345221628	0.0006187733805423204
56046.20408186595	1.0001169675729242	0.000618715124443308
56046.2245164005	1.0007614860596334	0.0006187741957697933
56046.24495103517	0.9998312210557374	0.0006186464141610586
56046.26538546996	1.000171325752382	0.0006186086224516775
56046.28582010489	0.9989338498139557	0.0006185454215497544
56046.30625463991	1.0002392559864917	0.0006187335915593752
56046.326689175046	0.9994406420502434	0.0006185890936532731
56046.34712371032	0.9993373450141002	0.0006185538211972715
56046.36755824569	1.000219936560309	0.0006185920705551736
56046.38799278121	1.0002548812526586	0.0006186300088684356
56046.408427316834	0.999379761581475	0.0006184989933988854
56046.42886185255	1.0005084658423724	0.0006186702752660836
56046.44929638842	0.9998431354882618	0.0006185836092503908
56046.469731024365	0.9997407249250769	0.0006186185151900847
56046.49016546046	0.9997312427287005	0.0006185620634145929
56046.51060009668	0.9997762174633111	0.0006185903760297062
56046.531034633	0.9989326521261452	0.0006185268023202175
56046.55146906942	0.9994257845698891	0.0006185096305338526
56046.571903705975	1.0008222905306947	0.0006186611474633823
56046.592338242655	0.998849641172019	0.0006185011003481334
56046.61277267945	0.9994390597194603	0.0006185833565563582
56046.633207316336	1.0002776849797537	0.000618639363959688
56046.65364185336	0.9991724435312677	0.0006184287790140045
56046.674076490504	1.000036445954011	0.0006185943063041074
56046.69451092776	1.0003927812775957	0.0006185821261476704
56046.71494546514	1.0013879477711656	0.00061875186728487
56046.73538010263	0.9996898274877343	0.000618491444483196
56046.755814540214	0.9995049708928913	0.0006185362867642456
56046.776249077935	1.000091152272458	0.0006184945147579595
56046.79668371575	0.9999073997154859	0.0006184964230937262
56046.8171181537	0.9994045744998581	0.0006184713053272909
56046.83755269178	1.0006353226060356	0.0006185300026729448
56046.878421768255	1.0010412948795318	0.000618657193743532
56046.898856406646	0.9991764225845324	0.0006183682687462041
56046.91929084519	1.0013990144352256	0.0006185732145040881
56046.93972538381	0.9999591894603106	0.0006184741250936224
56046.96016002256	0.999253328854882	0.0006184749293778946
56046.98059456145	0.9991592858303555	0.0006184189448672006
56047.0010290004	0.9997384821313359	0.0006183753071514266
56047.02146363952	0.9991247566917935	0.0006184481392597454
56047.04189817873	1.0004449113378098	0.0006185286841101609
56047.06233271805	0.9996114488072968	0.0006183674571382706
56047.082767257496	1.0009125686420965	0.0006184980885427012
56047.1236364367	0.9994538912260621	0.0006184568568375248
56047.144070876464	0.9993209579603538	0.000618398757767528
56047.164505416375	1.0005340623905763	0.0006184832831923844
56047.184940056395	1.000622389289341	0.0006185984264289677
56047.20537449651	1.000339367355819	0.000618474877567235
56047.22580913674	0.9993116270954544	0.0006183193736637942
56047.24624367708	0.9994365279686609	0.0006183749604989428
56047.26667811754	0.9999194661454872	0.0006184063515682974
56047.287112758124	0.9996730341390163	0.0006184628246472213
56328.022632469954	0.9993171709435197	0.0005759364948399073
56328.043065794394	0.9999429021222931	0.0005760498259377617
56328.06349901931	1.0002511631561255	0.0005760679335637363
56328.08393224457	1.0002489657376308	0.0005760528236272325
56328.10436547017	0.9991589721591306	0.0005758872156564751
56328.124798696015	0.9991342447297215	0.0005758499604094889
56328.145231922324	1.000379377985043	0.0005760610848540668
56328.165665148976	0.9999482438888726	0.0005760200650269091
56328.18609837598	0.999946607178494	0.0005759740550754766
56328.20653170334	0.9996214439693892	0.0005759713905617462
56328.22696483104	1.0002129443448653	0.0005760626955615577
56328.247398159096	0.999032088879062	0.0005758677957229424
56328.2678313875	1.0005058568474605	0.0005760792461993171
56328.288264516246	0.999662567233001	0.0005756832521104611
56328.30869784535	0.9994763122654181	0.0005760201633195034
56328.32913107492	1.000074591817324	0.0005760298411565536
56328.34956420471	1.0000458345477998	0.000576018672861108
56328.369997534865	1.0000134306290767	0.0005759792470663565
56328.390430765474	1.0003160863068692	0.0005760771225753159
56328.41086389632	1.0004525043842194	0.0005760327066572394
56328.43129722752	0.9994656328653616	0.0005759780889990709
56328.45173045919	1.0000189015437795	0.000576055074249538
56328.47216369119	0.9999506217771342	0.0005760038669071822
56328.49259692344	0.999702018529679	0.0005759318722322383
56328.513030156144	0.9994233559621822	0.0005759785773632311
56328.533463389205	0.9995291983719685	0.000575978895073448
56328.5538966225	0.9992692850047938	0.0005758995330785837
56328.57432985626	1.0006084293569515	0.0005760983636558154
56328.59476309036	1.000221991348532	0.0005760925102420413
56328.61519632482	0.9998459905648197	0.0005760931085737574
56328.63562965962	0.9991095466285917	0.0005759112858920962
56328.65606279478	1.0003831005249166	0.000576053763916665
56328.67649603028	0.9996766261738358	0.0005759216505196391
56328.69692936613	1.0000753244306175	0.0005759718403041146
56328.717362502335	1.0002452581052292	0.0005760189297780878
56328.73779573889	0.9996948648027086	0.0005759481153918456
56328.778662313154	0.9996690316195992	0.0005759278746640599
56328.819528788816	0.9992165219778696	0.0005759024074390004
56328.839962027116	1.000638154175183	0.000576134754560621
56328.86039526588	1.0002804124141407	0.0005760334671536848
56328.88082850487	0.9999047465534417	0.0005761042531590938
56328.90126174434	0.9994221594841312	0.0005759569758407515
56328.92169508415	1.0002832098414567	0.0005760523439024146
56328.94212822419	0.9999351958154452	0.000576098193776981
56328.9625614647	0.9997079505387447	0.0005760503514804224
56328.98299480556	1.0003033992718897	0.0005760850250975013
56329.003427946765	0.9991867843796113	0.0005759664925872743
56329.023861288326	1.0007797506565579	0.0005761520841013727
56329.044294530235	0.9998990044436563	0.0005761129819860986
56329.064727672485	1.0010939354544746	0.0005762428101451128
56329.08516101509	0.9994286250540737	0.0005760023260987406
56329.105594158165	1.0003366474183863	0.0005761112189262284
56329.126027401464	1.0000780122997655	0.0005760909703773061
56329.14646074512	0.9991252122999258	0.0005759777964531203
56329.16689388924	0.9998766338747794	0.0005761287230462742
56329.187327133586	1.000833883820604	0.0005762176405306505
56329.207760478406	0.9990659526649831	0.0005759564261946106
56329.22819362346	1.0008061033976103	0.0005761998064452192
56329.24862696897	0.9993788081102942	0.0005760927739822245
56329.269060214836	1.0001496927617948	0.0005759199963276897
56329.309926707494	1.0020644256874855	0.0005763512746654899
56329.33035995441	0.9994019200453506	0.0005760561011891347
56329.35079320167	1.0004122691657276	0.0005761428637053753
56329.37122644928	0.9998162527747518	0.0005760205347817717
56329.39165969724	1.000709818740289	0.0005762368392692453
56329.412093045554	0.9999428161414251	0.0005760667772230832
56329.43252629421	0.99949516416655	0.0005759753643457874
56329.45295944333	0.9995984422193898	0.0005760701737569905
56329.473392792686	0.9997660487183933	0.0005760619577770506
56329.49382604251	0.9996644422630634	0.0005760397008756917
56329.514259191405	0.999692643952302	0.0005760944696492848
56329.53469254181	1.0003030644492346	0.0005761191339532692
56329.55512579268	0.9987671411618245	0.0005758788068713649
56329.57555894378	1.0008331263576122	0.000576182621767197
56329.59599229535	1.0003916728572937	0.0005761125576615681
56329.61642554727	0.9998236724752851	0.0005760847344853204
56329.63685889954	1.0011747106567503	0.0005762351772956225
56329.65729205216	1.0006577654668896	0.000576170369183879
56329.67772530512	1.0019141371724818	0.0005762818341250961
56329.69815865844	1.0010526621418756	0.0005761711526427089
56329.718591812096	0.9994714154628538	0.0005760223932642866
56329.73902506611	0.9994192244197759	0.0005760363091568996
56329.759458320594	0.9993234778806181	0.0005758685326365226
56329.77989157531	1.0006125725975787	0.0005761686888363621
56329.800324930366	0.999758149635585	0.0005761114249238603
56329.820758085894	1.0004009276047763	0.0005761636550465064
56329.84119134165	1.0003592200680178	0.0005761313431860924
56329.86162469788	0.9997373222684555	0.0005761001533766251
56329.882057854455	0.9998546290306498	0.0005761078092327508
56329.90249111138	1.0005764889825035	0.0005762217852806099
56329.922924468534	0.999703295178258	0.0005760714742357131
56329.94335772616	1.000927893340098	0.0005760006706395239
56329.963790984126	0.999818610910378	0.0005760405577343255
56329.984224242566	1.0007549160637572	0.0005762447464544759
56330.00465750124	1.0000967227915403	0.0005760893557895631
56330.02509076025	1.000080173691548	0.0005757906288709912
56330.045524019624	0.9998808666121641	0.0005760679624597803
56330.06595727946	1.0003387531077341	0.0005761300855298333
56330.086390639524	1.0005745931418952	0.0005759694231368946
56330.10682380006	1.0001467123636683	0.0005761080278007776
56330.12725706083	1.000261067916486	0.0005761237600978169
56330.147690422054	1.000367303047928	0.000576094120164591
56330.16812358364	0.9992211859303306	0.0005760023940803184
56330.18855694557	1.000706899178066	0.0005761973714695945
56330.20899020773	0.9996825016369613	0.000576117457193264
56330.229423370474	0.9991183525686741	0.0005758197462006173
56330.249856733455	1.0002199468426307	0.0005760942771587957
56330.27028999678	1.000163163326551	0.0005761110283255339
56330.290723160455	1.0003933061933992	0.0005760622676157614
56330.31115652448	0.9996792769009007	0.0005760729208726991
56330.33158978897	1.0005022910880623	0.0005761491895337964
56330.3520231537	1.0014900542045804	0.0005762452876756114
56330.37245631889	1.0002072626084177	0.0005759422889426276
56330.39288958442	0.9990990201552806	0.0005760099644788255
56330.413322850196	1.0016166745154609	0.0005762793299802975
56330.433756116436	0.9999204000190153	0.0005760760975770685
56330.45418938302	1.0008160631026697	0.0005762264428043486
56330.474622649956	0.9998061225927598	0.0005757044475567379
56330.49505591724	1.000151109907332	0.0005760068579867099
56330.51548918487	0.9999187837944947	0.0005760646266153918
56330.53592245286	1.0000182876528674	0.0005759103245044024
56330.55635572131	1.0008642705933315	0.0005760063790415956
56330.57678908999	0.9987674803783495	0.0005758292054266199
56330.59722235914	1.0003521480845416	0.0005761496308804286
56330.61765552852	0.9997087596206167	0.0005760711915296672
56330.63808889836	0.9990283093981112	0.0005760337400938037
56330.65852216844	0.9998954982316217	0.0005761200354365333
56330.67895533899	0.9997631746422841	0.0005757612493604614
56330.699388709996	1.0004389055835077	0.0005761546606462535
56330.71982198124	0.9992793814923561	0.0005760837954770959
56330.74025525272	1.0002460767370251	0.0005760988490010707
56330.76068852466	1.0002625422696614	0.0005757870888053559
56330.78112179707	0.9988696646377762	0.0005759711746647055
56330.8015551697	0.9999956794919604	0.0005758233081913151
56330.82198834281	0.9994384251343745	0.0005756604399042099
56330.84242161615	1.000112536124286	0.0005761252144015861
56330.86285498995	1.0006047398248186	0.0005761583555562007
56330.903721438495	1.0000801327039446	0.0005761456287348188
56330.92415481323	0.9996208586206253	0.0005756746957110052
56330.94458798843	0.9997699166610234	0.0005760956931482207
56330.9650213641	0.9989217803823917	0.0005760183008083955
56330.985454639995	0.9971181591281886	0.0005754238537887151
56331.02632119296	0.9970815099181831	0.0005754865767851177
56331.108054203076	0.9967277408116286	0.00057534742613026
56331.12848758154	0.9954786086050508	0.0005752256917009475
56331.148920860236	0.9959303865120113	0.0005753092123404967
56331.16935413939	0.9957510278709473	0.0005752623535927985
56331.18978741902	0.9956354412299181	0.0005752390310174854
56331.21022069888	0.9961651974555314	0.0005752225891430728
56331.230653978964	0.9955022072616213	0.0005751836002217436
56331.25108735976	0.9947297881019462	0.0005751355451634254
56331.27152054055	0.9947492608958631	0.0005750942083513557
56331.29195392203	0.9956205024790766	0.0005752450753572373
56331.31238720352	0.9953327922105856	0.0005752288696589091
56331.353253768124	0.9951806420930911	0.0005750732831284642
56331.37368705078	0.9955341442400288	0.0005751701526629061
56331.3941202339	0.9954309889719433	0.000575104245558487
56331.41455361748	0.9951559608699224	0.0005751435586475341
56331.434986901295	0.9960461974011268	0.0005752468073134395
56331.455420085345	0.9954189478783807	0.0005751283931935861
56331.47585347009	0.9953718871336487	0.0005751630995100291
56331.49628675484	0.9961484449473583	0.0005752236311835349
56331.51672014028	0.9954496536042952	0.000575199628987869
56331.53715332573	0.9962963208875846	0.000575199399640392
56331.557586611874	0.9949922047543407	0.0005751623887108457
56331.57801999825	0.9960897294920484	0.0005752802414728039
56331.59845318486	0.9962328676241147	0.0005752421969395462
56331.70061962397	0.998407904871018	0.0005755354527220496
56331.741486302075	1.000176567609267	0.0005757101627641205
56331.761919491706	1.0006252326825817	0.0005760153672190074
56331.78235278181	0.9994450079723348	0.0005756900072730587
56331.80278617215	0.9993274576749452	0.0005756234939995305
56331.82321946271	0.9990482197184334	0.0005756102414676526
56331.84365265375	0.9991266430143775	0.0005756402680223021
56331.88451933698	1.0003495670236646	0.0005760942491348661
56331.90495262918	0.9987773561510781	0.000575648736184232
56331.92538592161	0.9994203002036198	0.0005757428032359595
56331.9458192145	0.9993051707188115	0.0005756934034258538
56331.98668580123	0.9997092031941311	0.0005758158881267751
56332.00711909529	0.999224788184713	0.0005757146739886846
56332.027552489584	0.9989693208950058	0.0005756811180074591
56332.047985684345	1.0007737579662093	0.0005761016057304338
56332.06841907933	1.000661597117568	0.0005761682383544806
56332.08885237456	0.9995584938301532	0.0005757995499467805
56332.109285570485	1.0004782804234773	0.000575883857513112
56332.12971896664	1.0008382087695444	0.0005759155385521596
56332.15015226303	0.9996069318314418	0.0005757783385923649
56332.170585459884	1.0009307395775595	0.0005759215045206338
56332.19101885697	0.9991986045811434	0.0005757803174228057
56332.211452154756	0.9998259940716533	0.0005758634736111191
56332.23188555254	1.0001904124630963	0.0005758248378559305
56332.25231875079	1.0010521153360563	0.0005759797288003785
56332.27275204951	0.9992646002080551	0.0005757680321887644
56332.29318544846	0.9998463347745017	0.0005758844423991597
56332.31361864787	1.0011768998690826	0.0005763680911076962
56332.33405194776	1.000045684016189	0.0005758983969365414
56332.35448524764	1.0007078828180895	0.0005759920822010852
56332.374918548216	1.0006005488794136	0.000575997405755632
56332.39535184903	0.9986026464859483	0.0005757427673263633
56332.41578515031	1.0010710555074411	0.00057629394491474
56332.43621845182	1.0001835092648388	0.0005759175573022988
56332.4566518538	1.0004789874599216	0.0005759897283706571
56332.49751835868	0.9987926055025845	0.0005757971892651553
56332.51795176159	0.9997552170207116	0.0005758380112351706
56332.53838506497	0.9993492146700899	0.0005758181135469289
56332.55881826857	1.0011792415138512	0.0005763703433358913
56332.57925167264	0.999623520013727	0.0005758559012498044
56332.59968497718	1.0010732390554533	0.000576228984781446
56332.62011838195	1.0000940440550845	0.0005759267956585208
56332.64055158719	1.00029332068129	0.0005759036050175449
56332.66098489266	1.0009497703151709	0.0005760458736111984
56332.68141829859	0.9985046947980918	0.000575732918609041
56332.70185150499	0.9990619272786706	0.0005757897626098683
56332.72228481162	0.9993957864760262	0.0005758345424103595
56332.74271821849	1.000209487451873	0.0005761076436899204
56332.763151425825	0.999076712080415	0.0005757803786741848
56332.783584733625	1.0005973082627138	0.0005763126497702673
56332.80401814165	1.0004000578761638	0.0005759272775323895
56332.82445135015	0.999933403952702	0.0005758827931503324
56332.84488475887	1.000249265329185	0.000575927573300759
56332.86531806807	0.9998290664039633	0.0005758891727160933
56332.8857512775	1.0005875014550174	0.0005759897563643226
56332.90618468739	0.9996437477123035	0.0005758356141545549
56332.92661799775	1.0016700565281276	0.000576271255326283
56332.94705130834	1.0002993360132748	0.0005759270944672481
56332.967484619396	1.001302814229044	0.0005763463159159602
56332.98791793069	0.999228748766176	0.0005758048849893929
56333.008351242446	0.9994976387016673	0.0005758283126145551
56333.02878455443	1.000057405839728	0.0005758941505720442
56333.04921786689	1.0000687636200518	0.0005759887396689421
56333.069651179576	0.9992003573023209	0.0005757160185306919
56333.090084492724	1.0002625089691122	0.0005760401584108541
56333.110517806344	0.9998707461956091	0.0005758569240292004
56333.1309512202	1.0005279335233077	0.0005759245786597419
56333.15138443451	0.9998490279073966	0.0005758469419017668
56333.17181774906	0.999928579153929	0.0005758455022659482
56333.19225116408	1.0000100797923477	0.0005758550935242671
56333.21268437932	0.9988036965864898	0.000575902901638777
56333.23311779504	1.0002436085075317	0.0005759083434561187
56333.25355111122	1.0008529106990616	0.0005760002311199592
56333.27398432763	1.0008014506095877	0.000576031530024022
56333.29441774428	0.9998499419140603	0.0005758698390992756
56333.31485106162	0.9993926832751266	0.0005758151200956558
56333.33528427896	1.000300487654859	0.0005759162226445462
56333.355717697006	1.000033280384131	0.0005759405367830751
56333.37615101528	0.9999174349043243	0.0005758901444362121
56333.39658443379	1.000142856166754	0.0005759305990024222
56333.41701765276	0.9992227509212308	0.0005757766154586477
56333.43745097197	1.0010910558127823	0.0005762073348362878
56333.45788439187	0.9994329337898139	0.0005758511895120522
56333.47831761178	0.9995297337789499	0.0005758814105724877
56333.498750932384	0.9995549576319813	0.0005758322730841182
56333.51918435298	1.0000030242271951	0.0005760707701304585
56333.539617574286	1.0013445496559075	0.00057606138594371
56333.56005089582	0.9996176934291645	0.0005758214417217155
56333.58048431759	1.0009432282030644	0.000576170132267052
56333.60091763982	0.9999536065033121	0.0005758572967349618
56333.621350962516	1.0004710815891262	0.0005762769001974773
56333.64178428545	0.999253805770229	0.0005758015359304995
56333.66221750885	1.000380622353878	0.0005758666079219946
56333.682650932475	1.000498541385933	0.0005759625288661824
56333.70308425657	1.0006890565977307	0.0005760807928895868
56333.723517481136	1.000382061965552	0.0005758302439176045
56333.743950905926	0.9990805031703209	0.0005757024551194741
56333.764384230955	1.0018859563219789	0.0005760468217391918
56333.78481755645	0.999546075344664	0.0005758119696949326
56333.805250882404	0.9998848547788683	0.0005758177364472007
56333.8256842086	1.0008635639515278	0.0005759583440396453
56333.84611763526	0.9990511513362798	0.0005757187213707586
56333.866550862374	0.9998823353033823	0.0005757719799909511
56333.8869841895	1.0006615395917409	0.0005759055734251618
56333.90741761732	0.9990953831131034	0.0005757367450440658
56333.92785084537	1.0004326496260338	0.0005762634922042593
56333.94828417389	1.0000834756574817	0.0005758374886569937
56333.96871760265	0.9991011754279604	0.0005757039687354011
56333.98915083186	1.0004252879795053	0.0005759287667046266
56334.009584261315	0.9995200872798288	0.0005757134199241205
56334.030017591234	0.9995497863044969	0.0005758274620185955
56334.05045082161	0.9998530389844468	0.0005758150943295316
56334.07088425223	0.999587801130224	0.0005757593100614838
56334.09131758308	1.0000212451710049	0.0005758574921782278
56334.11175091439	0.9989012011732583	0.0005756784134322256
56334.13218424617	0.9997448001594965	0.0005758574038586594
56334.15261757842	0.9991929664705227	0.000575763888209803
56334.17305101066	0.9997857838352645	0.0005758214745549065
56334.1934842436	1.0002827161559633	0.0005758346399958451
56334.21391757678	0.999683373903063	0.0005757860767419639
56334.23435101042	1.000177427398295	0.0005758657704481375
56334.275217578404	1.0005678301599106	0.0005758026093798492
56334.295650913205	0.9990753062155292	0.0005756683342127939
56334.31608424825	1.0000108564210433	0.0005758050019268131
56334.33651758352	0.9998138718067553	0.0005757449933786986
56334.356951019254	1.000044294646542	0.0005758343899074678
56334.37738425546	0.9998633179220691	0.0005758689539444797
56334.39781769189	0.9999585275971884	0.0005757665027308477
56334.418251028794	1.0008158434574315	0.0005759407551937874
56334.43868426593	0.9984951318485152	0.0005756741745919686
56334.45911770353	1.000222375190212	0.0005758767076551436
56334.47955104136	1.000905064286198	0.0005759630183484344
56334.49998427966	1.0006279487323144	0.0005759340810136222
56334.52041771842	0.9999142507019814	0.0005758444773002325
56334.54085105742	0.999807480980959	0.000575860419337829
56334.56128449665	1.0001113023853134	0.0005758322792913278
56334.58171773658	0.9994934306442445	0.00057575790091306
56334.60215107674	1.000229257907165	0.000575900285732121
56334.622584517136	1.0004654287467196	0.0005758397152876172
56334.64301775799	0.9994526609717563	0.0005757786130753773
56334.663451099084	0.9997992662401957	0.0005758176965178655