55467.5891115159	0.9997809602735036	0.0006462079781064312
55467.62997729796	1.0000836630809617	0.00064623861110845
55467.65041018876	1.0007272454029317	0.0006462559264962706
55467.67084317909	1.000327514892594	0.0006461900110528388
55467.69127596919	1.0000816406243125	0.0006461389571439115
55468.24296410455	0.9995557275594867	0.0006456023636956785
55468.263396887436	1.000482055287036	0.0006456814647217542
55468.28382987008	1.000149763185909	0.0006456386585597338
55468.3042627525	1.000305768014305	0.0006456310868059168
55468.32469553445	0.999736014616475	0.0006455638705972407
55468.3451285164	1.0006590577139316	0.0006456758676221454
55468.365561397884	1.000373278080404	0.0006455843250175811
55468.38599417937	0.9999327625544073	0.0006454904360926239
55468.406427160386	0.9991604331967259	0.0006454280484955307
55468.426860041174	0.9998923899506544	0.0006455017624299791
55468.44729292173	0.9998597446538176	0.0006454673769129538
55468.467725802046	1.0003330668278003	0.0006455368505990896
55468.4881586819	1.0001348329801092	0.0006455051320349521
55468.50859156176	0.9994110207853426	0.0006453927407277572
55468.52902444138	1.0008418635439824	0.0006455539962698285
55468.549457320536	0.9996109394379888	0.0006453488668065714
55468.56989029946	0.9999544993306625	0.0006453727604404672
55468.59032317838	0.9991246525395735	0.0006452759080557826
55468.61075595684	0.999972582424358	0.0006453796722824079
55468.63118893506	0.9996041709726543	0.0006453143252861621
55468.65162181306	1.0009288022983895	0.0006454979680540037
55468.67205459082	0.9994103358162351	0.0006452763174301389
55468.692487568114	0.9992297479198906	0.0006452213966907818
55468.7129204454	0.9989168458961628	0.0006451952109803281
55468.73335322223	0.9991997729808967	0.0006452280551017171
55468.75378619906	1.0000185215186397	0.0006453040905466343
55468.77421907542	0.9992437215012815	0.0006451722461533069
55468.79465185155	0.9992880369595538	0.0006451846405698363
55468.81508482745	1.0002531701547168	0.0006452945769651836
55468.83551770311	0.9994912883011059	0.0006451603610847489
55468.855950578545	0.9971395484901764	0.0006448476050997881
55468.87638345374	0.9968941772576679	0.0006447738200194039
55468.896816328706	0.9963153294841226	0.0006446675657441667
55468.91724920321	0.9971488098401259	0.0006448134400699254
55468.93768207771	0.9956927276663191	0.0006445812075116868
55468.95811495174	0.9954614020959296	0.0006445784485226246
55468.978547825776	0.9955170028428174	0.0006445383384147385
55468.99898069934	0.9947421287052437	0.0006444203777333737
55469.01941357268	0.9957549233736916	0.000644566042817953
55469.03984644578	0.9966674999682015	0.0006446206338130018
55469.08071219129	0.9958597405597157	0.000644544656537196
55469.10114516346	0.9952553428777798	0.000644474801762021
55469.12157793563	0.9941161209670522	0.0006442902077361618
55469.14201090757	0.9959111725981638	0.0006445062086036149
55469.162443779045	0.9946095031121208	0.0006443154497053857
55469.18287655028	0.9954047203891403	0.0006444172219698117
55469.20330952152	0.9953962464974789	0.000644436221955487
55469.2237423923	0.9955712104815774	0.000644431543827
55469.244175162836	0.9963603660278946	0.0006445107457390436
55469.26460813315	0.9963585420699328	0.0006445227696405517
55469.285041003226	0.9972266188187769	0.0006446173549660843
55469.30547377283	0.9961325934528865	0.0006444929908740833
55469.325906742444	0.9955612566428512	0.0006444017162673171
55469.346339611824	0.9952965265434249	0.0006443776701713545
55469.36677238073	0.9959891444891487	0.0006444108908427553
55469.387205349645	0.9968937351042185	0.0006445033451062781
55469.407638218094	0.995721693865775	0.0006443536920005044
55469.4280711863	0.9960903796824788	0.0006444245824771738
55469.448503954285	0.9972175062333057	0.0006445289180198144
55469.468936822035	0.996982213022419	0.0006445121978095229
55469.489369789546	0.9962268139341378	0.0006444005583620339
55469.50980255683	0.9964623369818628	0.0006444340063676148
55469.53023542388	0.9970734439438823	0.0006444776149764365
55469.55066829069	0.9977295688240061	0.0006445781395122567
55469.571101157046	0.9990484879118393	0.0006447482220854812
55469.5915340234	0.9997150541008998	0.0006447997688546784
55469.61196698928	0.9996924656233465	0.0006448321062712392
55469.63239975493	0.9999278258100539	0.0006448656636740703
55469.65283262059	0.9991975631426204	0.0006447620072559686
55469.67326558577	1.000393644461255	0.0006448859460095223
55469.693698350726	1.000729469341989	0.0006449567224628114
55469.71413131544	0.9991419484789328	0.0006447241190455982
55469.73456417993	0.9989704464221149	0.0006446706748176138
55469.75499694419	0.999207794953255	0.0006447099355051022
55469.77542990798	0.9993080052532903	0.0006446837439527115
55469.79586277177	0.9993311986509922	0.0006447100576989529
55469.816295535325	0.9992357965921845	0.0006446575761014687
55469.83672849841	1.0012840160777328	0.0006449182611887661
55469.85716136127	0.9994194555384548	0.0006446901496973467
55469.87759412413	0.9994924201349704	0.000644666779734813
55469.89802708653	1.0002291301014437	0.0006447715450824599
55469.91845994868	1.0000030409993046	0.0006447297258033191
55469.93889281061	1.0001264815581383	0.0006447242981389312
55469.9593256723	1.0000090658384977	0.0006446860339468306
55469.979758533766	1.0008131961889244	0.000644827075358608
55470.000191495	0.9996492451007162	0.0006446326259932254
55470.02062425576	1.0000423811941406	0.000644713763551179
55470.04105711652	1.000334706428855	0.0006447187074624387
55470.06149007705	1.0012035620367163	0.0006448610596765415
55470.08192293711	1.0006401103356972	0.000644715898624046
55470.10235569718	0.9996467832682107	0.0006445798272686855
55470.12278865678	1.0000786490829743	0.0006446387844056416
55470.14322151614	1.000458490652998	0.0006446939838381535
55470.163654275275	1.0004780119379901	0.0006446851043263297
55470.18408723418	1.000084108079111	0.0006446109811811176
55470.20452009284	0.9990257773976766	0.0006444510851866344
55470.22495285128	1.0008598002490117	0.0006447002343631641
55470.24538580948	0.9992806252025711	0.0006444862588443765
55470.26581856745	1.0008086318762015	0.0006447251809289565
55470.28625152518	1.0016097030387314	0.0006447996442370345
55470.306684382456	0.999676464820291	0.0006445014403880563
55470.32711713972	0.99916242148147	0.0006444778154327884
55470.34755009653	1.0008368783855994	0.0006446799160476352
55470.367982953336	1.0001540004021496	0.0006445451997202078
55470.388415709676	0.9994132206475268	0.0006444335028806877
55470.40884866578	1.0004874551559146	0.0006445773823243344
55470.429281521654	1.0000059808187898	0.0006445205482788819
55470.44971437729	0.9998700611376387	0.0006444556184032343
55470.4701472327	0.999268768416094	0.0006443839541813643
55470.49058008788	0.9999227120146668	0.0006444544074087939
55470.511012942814	1.0003342787248148	0.0006445047058172912
55470.531445797526	1.0000068131035427	0.0006444426937815052
55470.551878652004	0.9993333660070524	0.0006443678935729544
55470.57231160601	1.0009900982597253	0.0006445741247110585
55470.61317721357	0.9997956723239231	0.0006443712187464447
55470.63361016711	1.0008275657730574	0.0006445605953473263
55470.65404302019	0.9990899247297258	0.0006442860289863187
55470.67447577304	0.9990887550063388	0.000644271620449943
55470.69490872588	1.0010783283720008	0.000644503024885688
55470.73577433042	1.0003794374314015	0.0006443888697607533
55470.75620728233	1.0025697347456943	0.0006447282775009535
55470.77664013401	0.9997151441678708	0.0006443128710933422
55470.79707288546	1.0011248226100804	0.0006444665431087656
55470.817505836676	1.0001540126990507	0.000644341922602022
55470.83793868743	1.0005843957921292	0.0006443883437464678
55470.85837153818	0.9988000564066329	0.0006441377487535217
55470.878804388696	0.9997319893006962	0.0006442262309524824
55470.89923723875	1.000108406908846	0.0006442991602638353
55470.919670088806	0.9997931631543446	0.0006442632516354307
55470.94010293839	0.9998401221190427	0.0006442504175151069
55470.960535687744	1.0002218889733512	0.0006442760107357892
55470.9809686371	1.0005279507472418	0.0006443177924245768
55471.001401485984	0.9994077340393646	0.0006441588607233235
55471.02183433464	1.0000252415983981	0.0006442499874744283
55471.04226718307	0.9989601255599792	0.0006440875817045942
55471.06270003125	1.0013558632082984	0.0006443862860351026
55471.08313287921	1.0003722129824313	0.000644266349953358
55471.10356582694	0.9996330533228285	0.0006441387428036022
55471.123998574425	1.0000732124794003	0.0006441907792539593
55471.144431521454	0.9994306211473647	0.000644099350485222
55471.164864368475	0.9998409215828473	0.0006441861159252531
55471.18529711527	0.999714826409691	0.0006441358359425999
55471.22616290793	0.9999468419061488	0.0006441063174898881
55471.246595653785	0.9999173157416588	0.0006441073182029295
55471.26702859965	1.0007149429305913	0.0006441668782442276
55471.28746144504	1.0002958512783333	0.0006441279665342387
55471.307894190206	1.0001049091540604	0.0006440599177924266
55471.32832713514	1.0004288411460478	0.0006440863996543991
55471.34875998007	1.0013546744909723	0.0006442465656640632
55471.36919272453	1.0006117763379216	0.0006441624109167154
55471.389625668766	0.999272619389491	0.0006439728161788212
55471.41005851276	1.0007698020365892	0.0006441419911870311
55471.43049145653	1.0000013433024335	0.0006440389497498814
55471.45092419983	1.0004309918210956	0.000644054302776812
55471.47135704313	1.0001861985990246	0.0006440255231207969
55471.4917899862	0.9994862705580271	0.0006439415439716455
55471.512222729034	1.0007242804278442	0.0006440607508664929
55471.5326555714	0.9992256950812907	0.0006439189901816315
55471.55308841377	1.0006596652353879	0.0006440028867135268
55471.573521255676	1.0002144808993612	0.0006439677762359369
55471.593954097574	0.9996955814399493	0.0006438982058964835
55471.614386939014	0.9998056764454467	0.0006438761355216264
55471.634819780455	1.0010644205216535	0.0006441041746322424
55471.65525262142	0.9998715982835019	0.0006439338733843663
55471.675685562164	1.0001708590144651	0.0006439871587186157
55471.69611830267	1.0006781946268577	0.0006439970314325088
55471.716551243175	1.000062681563967	0.0006438802995515012
55471.73698408322	0.9991714247943801	0.0006438038602934634
55471.75741682303	1.0004356945609174	0.0006439172038592974
55471.7778497626	1.0000739938132321	0.0006438554620656015
55471.79828260194	0.9992282983509905	0.0006437612253970649
55471.81871534082	0.9989013820210094	0.000643724757856789
55471.839148279694	0.9997221142197577	0.0006437590383405132
55471.85958111834	0.9993326780730849	0.0006437531705117002
55471.88001385675	0.9993356362243673	0.0006436972005992312
55471.900446794694	1.0006944643754507	0.0006438775637169657
55471.92087963264	1.0000443415579665	0.0006437711817751979
55471.94131247036	0.999649289150668	0.0006437099503834845
55471.9617453076	1.000112379721027	0.0006437634814890178
55471.98217814485	0.9999357377891172	0.0006437680837266617
55472.002611081625	0.9998036130357532	0.0006437341887457409
55472.023043818175	0.998935602651769	0.0006436299627202246
55472.043476654726	0.9993035725761948	0.0006436734141259615
55472.06390959081	1.0009367644320115	0.0006438708026428396
55472.08434242666	1.0009772102051409	0.0006438623909955145
55472.10477516251	1.0001875698158957	0.0006437455266949927
55472.12520809789	1.0000852582711284	0.0006436853496804404
55472.14564093304	0.999261794439707	0.0006435953412108509
55472.16607366796	1.00045405472209	0.0006437476648009353
55472.18650660265	0.9995732086134015	0.0006436121646101289
55472.2069393371	0.9997135758508606	0.0006436422946496834
55472.22737217132	0.9999905912346594	0.0006437080593462865
55472.247805105304	0.9989094013607944	0.0006434963083549968
55472.26823783906	1.0008224231493705	0.0006437591392468713
55472.28867077235	1.0002740138036181	0.0006436629439907892
55472.32953633869	0.9995747956296728	0.000643548274037158
55472.34996927129	1.0000263704720913	0.0006436130259441843
55472.37040210387	1.0000628350321061	0.0006435870995122062
55472.39083483623	1.000070594362589	0.0006435556664477456
55472.411267768126	0.999046521458858	0.0006435127389351978
55472.43170060002	1.000085750038268	0.0006435680435829716
55472.45213333144	0.999554453080591	0.000643509058404739
55472.47256626287	1.0005986905591318	0.0006436564719607974
55472.492999093825	0.9998052270338034	0.0006435719208392685
55472.513431924555	0.9990414430005322	0.0006434301952410201
56040.645891844375	1.0005828809123105	0.0005896333372820025
56040.66632634258	0.999280928657357	0.0005895309026852938
56040.68676094095	1.0003103717886674	0.0005896361326210433
56040.70719533945	0.9991835576329592	0.0005895056175419978
56040.72762983806	0.9997884764577626	0.0005895873581675481
56040.7480644369	0.9993799226135144	0.0005896441560059055
56040.7684988358	1.0003250104526096	0.000589612829630094
56040.78893333488	0.9998933294313286	0.0005895751432561339
56040.809367934125	0.998990975758307	0.0005894871480503164
56040.82980243355	1.000118663823996	0.0005896071585117547
56040.850236933096	1.00022728279041	0.0005896351366726469
56040.870671332756	1.000880266689587	0.0005896740438444398
56040.891105932584	0.9996588516597362	0.0005895977766256672
56040.93197493271	1.0017053873906405	0.000589758875548496
56040.95240933295	0.99924714627435	0.0005895288180138931
56040.97284393337	1.0000130423750078	0.0005895938858021526
56040.993278433954	0.999496971047151	0.0005895421285824708
56041.01371283466	1.0005003008871751	0.000589599431727086
56041.034147435545	0.999961881915711	0.0005895569001371522
56041.054581936536	0.9990901773517901	0.0005894923277792296
56041.07501653765	0.999761143175904	0.0005895366595983268
56041.095450939	1.0002204079043757	0.000589565590427125
56041.1158854404	0.9997766194601058	0.0005894997808518286
56041.13632004198	0.9995382193909932	0.0005894791811659395
56041.156754443735	1.0009755327715302	0.0005896120896328534
56041.1771889456	1.0005506241717712	0.0005895780462435424
56041.19762354765	0.9992909852551618	0.0005894477696918789
56041.21805794981	0.9993420260028925	0.0005894797440823002
56041.23849255214	1.000500606609471	0.0005895600310292668
56041.27936145722	0.9992892256296769	0.0005894690059227518
56041.29979605996	1.0005053535382797	0.0005895537828414091
56041.32023056288	0.9998926190241806	0.0005895233329085936
56041.340664965915	1.0004456999606064	0.0005895735008091567
56041.36109956912	0.999180136511709	0.000589468530844411
56041.38153407245	0.9996191156469869	0.0005894734183555404
56041.40196857595	1.0000816194455415	0.0005895124984811466
56041.42240307956	1.000967427973468	0.0005895740335524391
56041.44283758335	1.0001145985664603	0.0005895328104367761
56041.46327218726	1.000712389724579	0.0005895712434872193
56041.48370659128	1.00040409974923	0.0005895350885316903
56041.50414109548	0.9994958220764822	0.0005894789190154451
56041.52457569985	0.9998214656614577	0.0005895554749532517
56041.54501010434	0.9999194264397735	0.0005895038120944519
56041.565444609005	0.9997856179151505	0.0005895034064348532
56041.58587921373	0.9992747736571871	0.0005894473840128003
56041.60631361868	1.0011257167412106	0.0005896080830879204
56041.62674822375	1.0001803905899715	0.0005895458791513096
56041.647182728935	0.999348189840877	0.0005894725940163636
56041.6676171343	1.0000055202209377	0.0005895213158144405
56041.708486245436	1.0009895427210567	0.0005895863942859443
56041.7289206512	0.9988501253701207	0.000589413871998065
56041.74935525715	0.9993447126307095	0.0005894476877157962
56041.7697897632	0.9994595509428864	0.00058946537594487
56041.79022416944	0.9990721057017513	0.0005894242364146707
56041.810658775794	0.9999288140401557	0.0005894884452198256
56041.831093282264	0.9994446533911783	0.0005894517562792189
56041.8515278889	1.0003727806412157	0.0005895679006848156
56041.87196229566	1.0003370771231297	0.0005895389562861611
56041.89239680259	1.0005681826775807	0.0005895565409226329
56041.93326581687	1.000599834664985	0.0005895689393358443
56041.953700324215	1.0004798568025284	0.0005895207178494959
56041.9741349317	1.0003262183715524	0.000589550092904752
56041.99456933933	0.9990211591465538	0.0005894159036774484
56042.015003947105	1.0012212162908267	0.0005896168050449873
56042.03543845503	1.00082920334497	0.000589590341890508
56042.05587296307	1.0002085316145477	0.0005894778840674827
56042.07630747125	1.000141067988243	0.000589525521341086
56042.096741979614	0.999810145647854	0.0005894913340448365
56042.11717648809	1.0003492927258304	0.0005895415095433041
56042.13761099668	1.0000285657946255	0.000589488323375362
56042.15804550545	0.9999209001870997	0.0005895189572813917
56042.178480014365	0.9995312641489824	0.0005894670632208471
56042.19891452339	0.9994409586957786	0.0005894681311404739
56042.219349032566	1.0001254202751086	0.0005895009057318426
56042.23978364189	1.0007016269472018	0.0005895674552192518
56042.280652560934	1.0004032027586005	0.0005895373055724573
56042.301087170694	0.9997172887426613	0.000589478351089727
56042.32152158056	0.9998658423415586	0.0005894725874429623
56042.34195609058	1.0007940264332789	0.0005895437781684257
56042.36239070075	1.0005426453573014	0.0005895596866370363
56042.38282511105	1.0000013894824018	0.0005894792348389427
56042.40325972148	1.000947124023798	0.0005896056635818187
56042.42369423206	1.0011436759860126	0.0005895972132152186
56042.44412864277	0.9999732564050575	0.000589490560503128
56042.464563253634	1.0003286960408098	0.0005895144886402608
56042.484997764615	0.999510554696198	0.0005894640823581017
56042.505432175734	0.9997069513779671	0.0005894623124304173
56042.52586678704	1.0005043303938528	0.0005895243562181693
56042.546301298455	1.0009353882700978	0.0005896134821085797
56042.56673570998	1.0000780165088765	0.0005894953793572635
56042.58717032166	1.0004541458081269	0.0005895720735216761
56042.607604833516	1.0003726192724591	0.0005895284447580032
56042.62803944545	0.9989074750088172	0.0005893892020441342
56042.64847385757	1.0003653896914235	0.0005895493334771884
56042.6689083698	1.0006259500250156	0.0005895725266647076
56042.68934298217	0.9999280828720563	0.0005894808793834168
56042.709777494696	1.0000080157016094	0.0005894987371072239
56042.73021190733	1.0000076245850171	0.0005895001256745996
56042.750646520144	0.9998447292759433	0.0005894866572567082
56042.771081033046	1.0006125127602454	0.0005895940530794477
56042.791515546116	0.9994821351114993	0.0005894474140090435
56042.81195005931	0.9986478125538347	0.0005893577035284644
56042.83238457265	0.9998530459575972	0.0005895053204493241
56042.852819086125	1.0001589921671148	0.0005895308551434452
56042.873253599726	1.00043838502612	0.0005895227092450393
56042.8936880135	0.9999595265654775	0.0005895103794251282
56042.914122627386	1.0008132083624497	0.0005895749087548727
56042.934557141394	0.9997003115840455	0.00058948324582807
56042.95499155555	0.9992013988469829	0.0005894189639549509
56042.97542616984	0.9997815543621016	0.0005895023679996155
56042.995860684285	1.0007537020621002	0.0005895566832821126
56043.01629529885	1.0009223114835482	0.0005895504134007001
56043.036729713545	1.000149590771393	0.0005894834698879241
56043.05716422837	1.0003616425092545	0.0005894867275330793
56043.07759884337	0.999016535433525	0.0005894229663760084
56043.09803325847	0.99960436447365	0.0005894612368328494
56043.118467773704	0.9999898770712732	0.0005894837385589705
56043.13890238911	0.9995806582122676	0.0005894672825245375
56043.159336804594	1.0000853042448659	0.0005895021703989459
56043.17977142026	0.9995037453933301	0.0005894437471671225
56043.200205936046	0.9992313687024121	0.0005894485169019695
56043.24107496801	1.0005402486682349	0.000589554776309362
56043.28194400053	1.000156390991699	0.0005895121970506584
56043.302378516986	0.9999325742314692	0.0005894812764588285
56043.322813033585	0.999739341424593	0.0005894892924737553
56043.34324755032	0.9996665783051354	0.0005894578066501503
56043.36368206718	0.9986245481327001	0.000589380823922406
56043.38411658419	0.9996298134988385	0.0005894822346596854
56043.4045512013	1.0002202053028317	0.0005895095956264261
56043.445420135984	0.9996429680793076	0.0005894748219958354
56043.46585475351	0.9992738641157048	0.0005894516183678841
56043.48628917118	0.9996400748028965	0.0005894585546050853
56043.50672368897	0.9999367357545897	0.0005895043081242125
56043.527158306904	1.000449936664224	0.0005895471431497705
56043.54759272496	1.000651109888088	0.0005895499683675282
56043.56802734315	0.9996175019216954	0.0005894725191648652
56043.588461861495	1.0003143697206573	0.0005895395539399381
56043.608896279955	0.9977371670626526	0.0005892943849545814
56043.62933089856	0.9969594906806677	0.0005891978547091912
56043.64976541728	0.9971469637077965	0.0005892455478487218
56043.670199836146	0.9955655262115426	0.000589099322821386
56043.690634455124	0.995958521635491	0.000589152593159885
56043.711068974255	0.9958082830974033	0.0005891458881190123
56043.7315033935	0.9966307019143847	0.0005891920107880711
56043.75193801292	0.9960072442806768	0.000589152827594925
56043.772372532425	0.9950155044100257	0.0005890499870866397
56043.79280715208	0.9966465708485462	0.0005892063370435818
56043.81324157187	0.9952729156408917	0.000589076523345922
56043.83367609179	0.9959373536545248	0.0005891202683070964
56043.85411071185	0.9972041584619666	0.0005892654028404154
56043.87454513203	0.9954013947959561	0.0005890892931765097
56043.894979652345	0.9953897107138477	0.000589091337754025
56043.915414272786	0.9950252920371179	0.000589079476776739
56043.935848793364	0.9955995117356113	0.0005891092466807983
56043.956283314066	0.9966987853293607	0.0005892047176416971
56043.976717834914	0.9948107890189246	0.0005890408395772873
56043.99715235587	0.995894561519143	0.0005891184766890145
56044.01758687695	0.9947892481402518	0.0005890531494275432
56044.038021398206	0.9957596155143494	0.0005891327989430567
56044.05845591954	0.9951654678196946	0.0005890689752956681
56044.07889054103	0.9955753421684252	0.0005890928394042428
56044.09932496266	0.9961109152206961	0.000589129903630191
56044.119759484376	0.9969380326566604	0.0005892487674420431
56044.14019400627	0.9953843990008365	0.0005890497232668449
56044.16062852828	0.9959677847291307	0.0005891494964849405
56044.181063150434	0.995249499842778	0.000589041473515961
56044.20149757271	0.995499990819424	0.0005891046264040838
56044.2219320951	0.9963821592033553	0.0005891704811530839
56044.242366717626	0.9956438366747196	0.0005891037130179115
56044.26280114028	0.9962477246610246	0.0005891338959330379
56044.283235663046	0.9976820931285062	0.000589287136037358
56044.30367028598	0.9969205165494948	0.0005892338051433018
56044.32410470901	0.9966045963386827	0.0005891642605970859
56044.34453933219	0.9993280618538658	0.0005894479325754971
56044.364973855474	1.0004677811220968	0.0005895191251823719
56044.38540827891	0.9998833752438677	0.0005895079232402377
56044.405842902466	1.0001491532545037	0.000589506895210804
56044.42627742616	1.0006322533912533	0.0005896350493449982
56044.446711949975	1.0000444172015668	0.0005894989137870217
56044.46714647391	0.9988437492153882	0.0005894019508879067
56044.48758099801	1.001221686310484	0.0005896041127901276
56044.5080155222	0.999600174530895	0.0005894604758528271
56044.52845004651	0.9992103165554567	0.0005894284398550321
56044.54888457096	0.9999614326838364	0.0005895013442919242
56044.569319195565	0.9982170891931849	0.0005893240686690787
56044.58975372028	0.9998357195525376	0.0005894749948103028
56044.61018814511	0.9994109420501213	0.0005894669982102049
56044.63062277006	1.000071090701771	0.0005895146437221632
56044.65105729515	1.001849018970225	0.0005896474753769129
56044.671491720364	0.9995495914110111	0.0005894535933785446
56044.7123608712	0.9999307335705616	0.0005895146206035128
56044.73279549681	1.0014820712378254	0.0005896289712378825
56044.75322992252	0.9996979041290394	0.0005894828976344848
56044.773664448396	0.9992900055255463	0.0005894327265243013
56044.794098974366	1.0002523625989945	0.0005895301480696062
56044.81453350045	0.999121695737879	0.0005894147642482414
56044.83496802671	0.9997392975846373	0.0005894694001916681
56044.855402553054	0.9995416360734333	0.0005894609666497668
56044.87583707955	0.9995825643330436	0.0005894801300468496
56044.93714065975	1.0008042216964725	0.0005895670068523425
56044.95757528673	0.9993861832338654	0.0005894631005585605
56044.978009713835	1.000629173991971	0.0005895727950955515
56044.998444241086	0.9997727714484896	0.0005894698204430715
56045.018878868446	0.999692583944988	0.0005894654598962902
56045.03931329593	0.9994858321783461	0.0005894483020291046
56045.05974782356	1.0005666669971256	0.0005895812946267038
56045.0801824513	1.0002853795425044	0.0005895335990926531
56045.10061697916	0.9994570467785652	0.0005894338996776579
56045.121051507136	0.9991309194404684	0.0005893957506974581
56045.14148603525	1.0000086944547109	0.0005894947634192432
56045.16192056349	0.9989834592967124	0.0005894321989622462
56045.18235509185	1.0009259729062612	0.0005895899839677381
56045.22322414893	0.9994754896553314	0.0005894521552475281
56045.24365877767	1.0001962180421524	0.0005894998421192507
56045.26409320654	0.9999705286641323	0.0005894852341729276
56045.28452773551	0.9995792761268473	0.0005894681090315884
56045.30496236462	0.9998733151499422	0.0005895013365193061
56045.32539679384	0.9992018054222113	0.000589444405195142
56045.34583142319	0.999534689301145	0.000589472337557642
56045.36626595268	0.9998861052723009	0.0005894936862701054
56045.38670038225	1.0001225713126023	0.0005895129232143039
56045.40713501198	1.0007170659632543	0.0005895823760202329
56045.42756954182	1.000267693646656	0.0005895406790575686
56045.4480039718	0.999050456522158	0.0005894347049086742
56045.4684386019	1.0012230107024123	0.0005896182991922766
56045.48887313211	1.0010325457861875	0.0005895865079785273
56045.50930766245	0.9997472929016952	0.0005894954548547396
56045.5297421929	0.9999041404130692	0.0005894947959201697
56045.55017662347	1.0010639257916052	0.000589617221257494
56045.570611254174	1.0013510765956513	0.0005896339137710679
56045.61148021595	1.0012252032586684	0.0005896144105151999
56045.63191484701	1.0003859681783245	0.0005895190970549496
56045.652349378215	0.9999440091556059	0.0005895120249041359
56045.67278390951	1.0009465896201637	0.0005895893726721512
56045.693218440945	1.000506731994611	0.0005895472348331703
56045.7136529725	1.000129459888913	0.000589548672865859
56045.73408760417	0.9999624586918584	0.0005895122780909563
56045.75452203596	1.0009937896225223	0.0005896290354812897
56045.7749565679	1.0002011117793248	0.0005895292506214661
56045.795391199914	0.9995301543808094	0.0005894991735838783
56045.81582573208	1.0000851504375246	0.0005895115164095694
56045.83626016437	0.9990148034694094	0.0005894477569087536
56045.85669479676	0.9995461606001597	0.0005894815751527204
56045.87712932928	1.0007130803192312	0.0005896065012142658
56045.897563961946	1.0001736746089422	0.0005895599676635237
56045.91799839469	1.0005428315440752	0.0005895787949934607
56045.938432927585	1.0002291903977059	0.0005895594355566218
56045.9588675606	0.9993992508538274	0.0005894972931309854
56045.97930199369	1.0001753953858876	0.0005895701066552016
56045.99973652694	1.000468292037976	0.0005895699699751789
56046.02017116033	1.0001163587148254	0.0005895366602080658
56046.061040127395	0.9996468601374748	0.0005895334762332013
56046.08147476114	0.9990581651826088	0.0005894835688288105
56046.10190919496	1.0006356122404163	0.0005895985786037996
56046.12234382893	1.000322785404288	0.0005895722275453684
56046.14277836302	0.9999984212508553	0.0005895335536524974
56046.16321279719	1.0002421667459553	0.0005895809736281626
56046.18364743151	1.000994922687664	0.0005896620960269743
56046.20408186595	1.000088164521636	0.0005895782058488591
56046.2245164005	1.0007203834170793	0.000589656990499224
56046.24495103517	0.9998391376680049	0.000589561847925613
56046.26538546996	1.0001725253451517	0.0005895515873669978
56046.28582010489	0.9990082050332225	0.000589460816728762
56046.30625463991	1.0002676325012239	0.0005895977642302884
56046.326689175046	0.9995161554778637	0.000589500732948106
56046.34712371032	0.9994051116985552	0.0005895072286749534
56046.36755824569	1.00025185603262	0.0005895825556906214
56046.38799278121	1.0003097065273312	0.0005895838032134611
56046.408427316834	0.9994455890614793	0.0005894974436401854
56046.42886185255	1.0004977501608008	0.0005896347010079306
56046.44929638842	0.9998745119517402	0.0005895669409095374
56046.469731024365	0.9997580721304982	0.0005895416237862873
56046.49016546046	0.9997495290759376	0.0005895569773054172
56046.51060009668	0.999781941078264	0.0005895625490502991
56046.531034633	0.9989645845893612	0.0005894919561990859
56046.55146906942	0.9994480091929024	0.0005895075701539215
56046.571903705975	1.0007782173240682	0.0005896369334387994
56046.592338242655	0.9989123335592183	0.0005894814362692544
56046.61277267945	0.9995366032905264	0.0005895772038837353
56046.633207316336	1.0002979233381084	0.0005896319879554215
56046.65364185336	0.9992677885441505	0.0005895082982226182
56046.674076490504	1.0000976887528803	0.0005896025584779428
56046.69451092776	1.0004239593219313	0.0005896504944860279
56046.71494546514	1.001351227117501	0.0005897163306284623
56046.73538010263	0.9997331461777631	0.0005895615031727089
56046.755814540214	0.9995293392807794	0.0005895410955190764
56046.776249077935	1.0000889817132896	0.0005896108619336732
56046.79668371575	0.9999155235131453	0.0005895639195957803
56046.8171181537	0.9994420097850708	0.0005895318286911432
56046.83755269178	1.0006251731779663	0.0005896592767539213
56046.878421768255	1.0010145622191895	0.0005897009476284763
56046.898856406646	0.999243845767867	0.0005895301735055389
56046.91929084519	1.0013585484784933	0.0005897385404506439
56046.93972538381	0.9999551149640956	0.0005896150343824176
56046.96016002256	0.9992712905335778	0.0005895657663202688
56046.98059456145	0.9991793538709002	0.00058956192470182
56047.0010290004	0.9997365099067622	0.0005895847506714186
56047.02146363952	0.9991825124159035	0.0005895751297075085
56047.04189817873	1.0004522538861418	0.0005896743536199894
56047.06233271805	0.9996822051529385	0.000589584262837473
56047.082767257496	1.0009129777179115	0.0005896703334638771
56047.1236364367	0.9995474530296952	0.0005896202566316143
56047.144070876464	0.9994239547090478	0.000589580269255485
56047.164505416375	1.0006019215658863	0.0005896870932339949
56047.184940056395	1.000714388919919	0.0005897026546265829
56047.20537449651	1.0004474572987305	0.0005896831314186771
56047.22580913674	0.9994672323573464	0.0005895942844251163
56047.24624367708	0.9995707906030635	0.0005896018725911224
56047.26667811754	1.0000669135067575	0.0005896189471241
56047.287112758124	0.9998202346836176	0.0005896060044920766
56328.022632469954	0.999400741656835	0.0005281292200829004
56328.043065794394	0.9999961872721769	0.0005282116367449481
56328.06349901931	1.0002142393188231	0.0005282376660300682
56328.08393224457	1.0002819818474233	0.0005282569827649781
56328.10436547017	0.9992287376049631	0.0005281236702858206
56328.124798696015	0.9991912997215757	0.0005281441698824353
56328.145231922324	1.0003321711944537	0.0005282911220842739
56328.165665148976	0.9998764677922264	0.0005282579350680541
56328.18609837598	0.9998709088194832	0.0005282684653778028
56328.20653170334	0.9995836800301782	0.0005282388504803963
56328.22696483104	1.0001389946161863	0.0005283293367147982
56328.247398159096	0.999080952752954	0.0005281871799610376
56328.2678313875	1.0004635173999707	0.0005283562844676634
56328.288264516246	0.9997035228054669	0.0005281080940751528
56328.30869784535	0.9994746596521534	0.0005282593302180676
56328.32913107492	1.0000197301251832	0.0005283379939756859
56328.34956420471	0.9999705228587435	0.0005283339698195958
56328.369997534865	0.9999242759696402	0.0005283330065495637
56328.390430765474	1.00022801702658	0.0005283822079982702
56328.41086389632	1.0003891113516556	0.0005283813041877818
56328.43129722752	0.999500361188024	0.0005283136229666483
56328.45173045919	0.9999962479266367	0.000528396541003398
56328.47216369119	0.9999567695534329	0.0005283953403884124
56328.49259692344	0.9997499521823568	0.0005283583294880001
56328.513030156144	0.9994384801492837	0.0005283546388572384
56328.533463389205	0.9994946495371702	0.0005283571698659022
56328.5538966225	0.9992936977536299	0.0005283567180242758
56328.57432985626	1.000494444315868	0.0005284889480704451
56328.59476309036	1.0001389899942268	0.0005284741964714972
56328.61519632482	0.9997518767883679	0.0005284505548341519
56328.63562965962	0.9990944718384523	0.0005283775857940784
56328.65606279478	1.0002291401406218	0.0005284926182803299
56328.67649603028	0.9995822485906272	0.000528432843125344
56328.69692936613	0.9999391002929952	0.0005284824704665208
56328.717362502335	1.0001564298754764	0.0005284974873221118
56328.73779573889	0.9996403449970246	0.000528455054044721
56328.778662313154	0.9996495341310886	0.00052845782295915
56328.819528788816	0.9991375016763117	0.0005284190213904632
56328.839962027116	1.0004529143041232	0.0005285977104722734
56328.86039526588	1.0001162592924149	0.0005285693208912616
56328.88082850487	0.9997852427216276	0.0005285542274828487
56328.90126174434	0.9994207819589035	0.0005285091591538483
56328.92169508415	1.0002149655447334	0.0005285873269223603
56328.94212822419	0.9998930406193549	0.0005285844238183062
56328.9625614647	0.9997263571191736	0.0005285894441023871
56328.98299480556	1.0001986930599578	0.0005286136515234648
56329.003427946765	0.9991944165999626	0.0005284869874806658
56329.023861288326	1.0005958385054488	0.000528678113942187
56329.044294530235	0.9997720517182227	0.000528627447926808
56329.064727672485	1.0009095567964508	0.0005287565315636773
56329.08516101509	0.9993773179372111	0.0005285874706448025
56329.105594158165	1.000200515849904	0.0005286708473688478
56329.126027401464	0.9999793836939413	0.000528651223742775
56329.14646074512	0.9991119920406601	0.0005285715393411648
56329.16689388924	0.9998328533528739	0.0005287237553191717
56329.187327133586	1.0007427800608657	0.0005287718808924889
56329.207760478406	0.999074118020582	0.0005285946182886885
56329.22819362346	1.0007161374234972	0.0005287847304498045
56329.24862696897	0.9994376110666541	0.000528658335817655
56329.269060214836	1.0001047194317172	0.0005285858359275462
56329.309926707494	1.0018975142653168	0.0005289698605337482
56329.33035995441	0.9993917906643806	0.0005286925244053503
56329.35079320167	1.0003792211399334	0.0005288136322822001
56329.37122644928	0.9997956523571865	0.0005287627523851737
56329.39165969724	1.0005838307056105	0.0005288707596069578
56329.412093045554	0.9998702323449505	0.0005287771804076321
56329.43252629421	0.9994541157743891	0.0005287261777512404
56329.45295944333	0.9995229004493229	0.0005287722353719977
56329.473392792686	0.9996709595820571	0.0005287619537764484
56329.49382604251	0.9995697361452908	0.0005287716777479368
56329.514259191405	0.9995789599637154	0.0005288050854554887
56329.53469254181	1.0001760560806598	0.0005288565043938112
56329.55512579268	0.9987379827224507	0.000528706448087569
56329.57555894378	1.0006458034928882	0.000528940387001261
56329.59599229535	1.0002453356004428	0.0005289219206259196
56329.61642554727	0.9997103499220029	0.0005288536893671877
56329.63685889954	1.0009821412905373	0.0005290133810306453
56329.65729205216	1.0005072351869357	0.0005289900897629575
56329.67772530512	1.001634451417258	0.0005291316776483582
56329.69815865844	1.0009091398759171	0.0005290461432976452
56329.718591812096	0.9994724724192493	0.0005288933777494081
56329.73902506611	0.9993895476738088	0.0005289116054767024
56329.759458320594	0.9993001535195412	0.0005287450296579493
56329.77989157531	1.0004622679657567	0.0005290548611258227
56329.800324930366	0.9997271593934968	0.0005289722628563183
56329.820758085894	1.0003429879214163	0.0005290351037781291
56329.84119134165	1.0003106927866285	0.0005290491222619773
56329.86162469788	0.9997894704749963	0.0005289967947471619
56329.882057854455	0.9998706757619746	0.0005290225394650783
56329.90249111138	1.0004846700404848	0.0005291279428041283
56329.922924468534	0.9997252147821043	0.000529027358695388
56329.94335772616	1.0008743664473825	0.0005289981054428715
56329.963790984126	0.9998551968770364	0.0005290533386729663
56329.984224242566	1.0007666657320322	0.0005291826006203896
56330.00465750124	1.0001691000629218	0.0005291010750364647
56330.02509076025	1.0001787218925349	0.0005288038852460231
56330.045524019624	0.9999759816996711	0.000529076701296231
56330.06595727946	1.0003594199431223	0.0005291447364478103
56330.086390639524	1.0005544348437008	0.0005290033317038512
56330.10682380006	1.0001749980755301	0.0005291164845894335
56330.12725706083	1.0002360263897545	0.0005291415019698171
56330.147690422054	1.0004061248722322	0.0005291458298615648
56330.16812358364	0.9993828638442024	0.0005290737054506715
56330.18855694557	1.0007654071839063	0.0005292485437545335
56330.20899020773	0.9998711290424829	0.0005291429876861754
56330.229423370474	0.9993511273971104	0.0005289338506943263
56330.249856733455	1.0003086068738407	0.0005291874670900131
56330.27028999678	1.0002154182485026	0.0005292181843345242
56330.290723160455	1.0004244465268715	0.0005292247674294026
56330.31115652448	0.9997650638717241	0.000529159043415166
56330.33158978897	1.0005401541243608	0.0005292543143566803
56330.3520231537	1.0014090466909986	0.0005293660287978648
56330.37245631889	1.0002227930615513	0.0005290818068702326
56330.39288958442	0.9991992242722744	0.0005291303695485628
56330.413322850196	1.001515893685793	0.0005294154417090026
56330.433756116436	0.9999591192675749	0.0005292685931493565
56330.45418938302	1.0007942231231883	0.0005293641911975772
56330.474622649956	0.9998515140233313	0.0005289326168925332
56330.49505591724	1.000202890629294	0.0005292958406684271
56330.51548918487	1.0000096727852474	0.0005292954784902628
56330.53592245286	1.0000842640015941	0.0005291409954479673
56330.55635572131	1.0008749006289306	0.0005292562274214614
56330.57678908999	0.998932097860629	0.0005290446107381348
56330.59722235914	1.0004027560919286	0.0005293908102240224
56330.61765552852	0.9998534898435111	0.0005293354169076371
56330.63808889836	0.9992189341707313	0.0005292943089019498
56330.65852216844	0.9999734686028895	0.000529385014091943
56330.67895533899	0.999879459059914	0.0005290530202395353
56330.699388709996	1.0005249499561502	0.0005294625172814292
56330.71982198124	0.999460893592254	0.0005293392983008845
56330.74025525272	1.0003256971546337	0.0005294431307747378
56330.76068852466	1.000329234265639	0.0005291441244330886
56330.78112179707	0.9989890292520788	0.0005293139008052182
56330.8015551697	1.0000637781089061	0.0005291226657193371
56330.82198834281	0.9994964519566579	0.0005290455434628208
56330.84242161615	1.0001312854342645	0.0005294321304667877
56330.86285498995	1.0005670078834843	0.000529489045919442
56330.903721438495	1.000125668072448	0.0005294728400644617
56330.92415481323	0.9997231317115295	0.0005291488694671957
56330.94458798843	0.9998870448361808	0.0005294905589538056
56330.9650213641	0.999119124921746	0.0005294120066989536
56330.985454639995	0.9975143167527605	0.0005289220977629413
56331.02632119296	0.9975301287676155	0.0005289414788347386
56331.108054203076	0.9970971388597945	0.0005289101216217378
56331.12848758154	0.9960046598935499	0.0005287765690591221
56331.148920860236	0.9963467879714644	0.0005288266927510741
56331.16935413939	0.9961057420551664	0.0005287928552236312
56331.18978741902	0.996031981994028	0.0005287861199873762
56331.21022069888	0.9965524728143453	0.000528848580241793
56331.230653978964	0.9959226644339014	0.0005287804289835547
56331.25108735976	0.9952533931055517	0.0005287297182437687
56331.27152054055	0.9952727282097593	0.0005287283460072754
56331.29195392203	0.9960686385062643	0.0005288343092168445
56331.31238720352	0.9957333046275191	0.0005288046634442952
56331.353253768124	0.9957244292831245	0.0005288070283601427
56331.37368705078	0.9960322782437674	0.0005288717729264797
56331.3941202339	0.9960162405879724	0.0005288478275147919
56331.41455361748	0.9958119039955905	0.0005288552079827428
56331.434986901295	0.9966683564094876	0.0005289529271307402
56331.455420085345	0.996037926328539	0.0005289008215276076
56331.47585347009	0.9960784832093035	0.0005289212726171753
56331.49628675484	0.9967099970411202	0.0005289722215069361
56331.51672014028	0.9961474203586261	0.0005289242121683337
56331.53715332573	0.9966976605520562	0.0005289887084219061
56331.557586611874	0.995896496955081	0.0005289262001668133
56331.57801999825	0.9967944859164628	0.0005290383885210078
56331.59845318486	0.9968946118274069	0.0005290536535909344
56331.70061962397	0.9988958078011446	0.0005292973130289223
56331.741486302075	1.000539184988398	0.0005295429052955331
56331.761919491706	1.0010068076314738	0.0005297543387256303
56331.78235278181	0.9999391550463966	0.0005294708461974759
56331.80278617215	0.9998535237409989	0.000529477660782186
56331.82321946271	0.9995578526342196	0.0005294398453366934
56331.84365265375	0.9996254960902209	0.0005294514330787954
56331.88451933698	1.0007281400375019	0.0005299164554717667
56331.90495262918	0.9992836089128077	0.0005294549561678518
56331.92538592161	0.9998711277056385	0.0005295385169489487
56331.9458192145	0.9997086926097044	0.000529525817625252
56331.98668580123	1.0000732196124111	0.000529586876154998
56332.00711909529	0.9995481931393322	0.000529525418165149
56332.027552489584	0.9993456776849127	0.0005295137667696145
56332.047985684345	1.0009802751160581	0.0005298534585250161
56332.06841907933	1.0008671945734773	0.000530016308205299
56332.08885237456	0.9998226672199181	0.0005295842767256368
56332.109285570485	1.0006669959057424	0.0005297125908924169
56332.12971896664	1.0010048583823519	0.0005297306620831669
56332.15015226303	0.9998553571488298	0.000529623603398345
56332.170585459884	1.0011081986492345	0.0005297565016049123
56332.19101885697	0.9993848016574535	0.0005296016640104784
56332.211452154756	1.0000428076134291	0.0005296906344053685
56332.23188555254	1.0003374872827178	0.0005297217643496861
56332.25231875079	1.0011163339746647	0.0005298009104733453
56332.27275204951	0.9994587234815246	0.0005296350830166874
56332.29318544846	1.0000260127281704	0.0005297098503715823
56332.31361864787	1.001219576696982	0.0005301665443621045
56332.33405194776	1.000162757786357	0.0005297504727883109
56332.35448524764	1.0007549997797398	0.0005298268704415015
56332.374918548216	1.0006838930436233	0.00052983164600723
56332.39535184903	0.9988338311996808	0.0005296327615904823
56332.41578515031	1.00106232448175	0.0005301975485366554
56332.43621845182	1.0003028008416504	0.0005297968985918019
56332.4566518538	1.0005222210996378	0.0005298610538003472
56332.49751835868	0.99895149751252	0.000529688174079769
56332.51795176159	0.9997936828519972	0.000529797522088244
56332.53838506497	0.9993947774589689	0.0005297566270838988
56332.55881826857	1.0010556993088935	0.0005302438624043346
56332.57925167264	0.9996471994886762	0.0005298115453216196
56332.59968497718	1.0010187158715937	0.0005301279482684598
56332.62011838195	1.0001304747381432	0.0005298624225912107
56332.64055158719	1.0003203263157476	0.0005298992901982223
56332.66098489266	1.0009327036382951	0.0005299895239277659
56332.68141829859	0.9986929960645098	0.0005297156944539791
56332.70185150499	0.999216790330962	0.0005297714135066742
56332.72228481162	0.9994795720392445	0.0005298118693649312
56332.74271821849	1.0001778181620704	0.0005300668326296867
56332.763151425825	0.9991250365744961	0.0005297880672457634
56332.783584733625	1.000566743124657	0.0005302737896080005
56332.80401814165	1.0004047929434134	0.0005299501116095221
56332.82445135015	0.9999405633532781	0.0005299100381176529
56332.84488475887	1.0002842760962705	0.0005299454037453054
56332.86531806807	0.9999042325915464	0.0005299235691824697
56332.8857512775	1.0006213063536293	0.0005300174067968185
56332.90618468739	0.9996677158216939	0.0005298915160231153
56332.92661799775	1.001541841430533	0.0005302932076299467
56332.94705130834	1.0002533488791376	0.0005299830901842062
56332.967484619396	1.0012010080364664	0.0005304185260247232
56332.98791793069	0.9992747358595758	0.0005299107021668742
56333.008351242446	0.9995009716447706	0.0005299163461831803
56333.02878455443	0.9999767147882964	0.0005299909188735851
56333.04921786689	1.0000299709509615	0.0005301420783886833
56333.069651179576	0.9992749330168887	0.00052990999672238
56333.090084492724	1.0001964364450997	0.000530175703255535
56333.110517806344	0.99984555558595	0.0005299900980065551
56333.1309512202	1.0004571122586567	0.0005300654309605227
56333.15138443451	0.9998060252796642	0.000530040317080838
56333.17181774906	0.9999315700786663	0.0005300366607123426
56333.19225116408	1.0000143992498758	0.0005300664221279093
56333.21268437932	0.99888905949527	0.0005301285518168483
56333.23311779504	1.000231988654438	0.0005301231309009886
56333.25355111122	1.000838893847184	0.0005302103133811337
56333.27398432763	1.000741093615348	0.0005302276825179892
56333.29441774428	0.9998812290286891	0.0005301132916492532
56333.31485106162	0.9994574417752664	0.0005300718687559821
56333.33528427896	1.0002890275469063	0.0005301682589433589
56333.355717697006	1.0000550774978174	0.0005301918559629921
56333.37615101528	0.9999066310725487	0.0005301554499467781
56333.39658443379	1.0001333616300128	0.0005301894015673044
56333.41701765276	0.999290093883776	0.000530100823400318
56333.43745097197	1.0009712058073372	0.0005304629571117286
56333.45788439187	0.9995019562349035	0.0005301558327104169
56333.47831761178	0.9996171464410353	0.0005301937332945299
56333.498750932384	0.9995964698495857	0.0005301773979086049
56333.51918435298	1.00005397581283	0.0005303883497535702
56333.539617574286	1.0013037759497483	0.0005303999297300684
56333.56005089582	0.9996342429915813	0.0005301978630722708
56333.58048431759	1.0009346102179466	0.0005305306000334741
56333.60091763982	0.9999680721249572	0.0005302443478751821
56333.621350962516	1.000461453980261	0.0005306221538072603
56333.64178428545	0.9993152564094832	0.0005301877636462424
56333.66221750885	1.0002522044938251	0.0005302914209592823
56333.682650932475	1.0003657371758925	0.0005303510740603998
56333.70308425657	1.0005375677052795	0.0005304934086044302
56333.723517481136	1.0002388139489509	0.0005303100633195582
56333.743950905926	0.9991114179130677	0.000530203659518608
56333.764384230955	1.0016352742661978	0.0005305097392199886
56333.78481755645	0.9995438127990781	0.0005302660611940047
56333.805250882404	0.999887127182245	0.0005303138324419454
56333.8256842086	1.000732953719762	0.000530424688049482
56333.84611763526	0.9990340958556913	0.0005302421539691739
56333.866550862374	0.9997863105886426	0.0005303221140241324
56333.8869841895	1.0005126741360384	0.0005304282518536113
56333.90741761732	0.999057258813702	0.0005302607498692784
56333.92785084537	1.0002889377051944	0.000530741412195487
56333.94828417389	0.9999627683503247	0.0005303873194848395
56333.96871760265	0.9990967729547691	0.0005302772615342941
56333.98915083186	1.00028479490763	0.000530456302660136
56334.009584261315	0.9994199047550174	0.0005303615830823818
56334.030017591234	0.9994807740151728	0.0005303872725616719
56334.05045082161	0.9996966539365665	0.0005303919441257121
56334.07088425223	0.9994496294122673	0.0005303975286855952
56334.09131758308	0.9998402592538438	0.0005304405865704326
56334.11175091439	0.9988281245617203	0.0005303299979321283
56334.13218424617	0.9996517208083964	0.0005304518558445017
56334.15261757842	0.9991857383594134	0.000530393129109452
56334.17305101066	0.9996690275640321	0.0005304566936292928
56334.1934842436	1.000172560384845	0.0005305041021657552
56334.21391757678	0.999608659033162	0.0005304486278932104
56334.23435101042	1.0000275843664876	0.0005305140818062596
56334.275217578404	1.0002987207196916	0.0005305276541083149
56334.295650913205	0.9988895519595586	0.0005303964607149463
56334.31608424825	0.9998052710048644	0.0005304989215508984
56334.33651758352	0.9996130570079976	0.0005304969817426691
56334.356951019254	0.9998548576704739	0.0005305481478851476
56334.37738425546	0.9997254123133344	0.000530565982046447
56334.39781769189	0.9997943382470078	0.0005305331703806475
56334.418251028794	1.0006092349801425	0.0005306512862544806
56334.43868426593	0.9985126197917856	0.0005304384562089166
56334.45911770353	1.000114933824503	0.0005306284277681549
56334.47955104136	1.0007362728837217	0.0005307128967512309
56334.49998427966	1.0005167629130007	0.0005306986480415913
56334.52041771842	0.9998209085504423	0.0005306215754788411
56334.54085105742	0.9997633387841856	0.0005306178875366816
56334.56128449665	1.0000175505437592	0.0005306356440740835
56334.58171773658	0.9994425956137281	0.0005305922621827258
56334.60215107674	1.0001385093427266	0.0005306977268119539
56334.622584517136	1.0002923408885076	0.0005307159217814629
56334.64301775799	0.9994088887165125	0.0005306367347210483
56334.663451099084	0.9997705066901018	0.0005306582052634123