Venus Mass: 4.867300e+27 g	Earth Transit Times: [   92.31720175   457.4863772    822.64962469  1187.81961386
  1552.99070328  1918.15638516  2283.32524857  2648.4902096
  3013.66046216  3378.83121229  3743.99521251  4109.16405281
  4474.3313699   4839.50097993  5204.6711095   5569.83409851
  5935.00323057  6300.17279013  6665.34117376  7030.51044363
  7395.67346645  7760.8431712   8126.01405496  8491.18061587
  8856.34960689  9221.51354456  9586.68386942  9951.85484081
 10317.01957911 10682.18842125 11047.35458056 11412.52458924
 11777.69501069 12142.8583922  12508.02738778 12873.19592643
 13238.3650328  13603.53458139 13968.69748968 14333.8669381
 14699.03731102 15064.20474563 15429.37390736 15794.53720896
 16159.70730725 16524.87834836 16890.04390771 17255.21280555
 17620.37790655 17985.54810631]
Venus Mass: 4.867000e+27 g	Earth Transit Times: [   92.31720184   457.48637716   822.6496249   1187.8196139
  1552.99070308  1918.15638506  2283.32524837  2648.49020953
  3013.66046191  3378.83121182  3743.99521225  4109.16405245
  4474.33136953  4839.50097941  5204.6711088   5569.83409808
  5935.00323002  6300.17278944  6665.341173    7030.51044273
  7395.67346581  7760.84317041  8126.01405395  8491.1806149
  8856.34960582  9221.51354368  9586.68386835  9951.85483952
 10317.01957797 10682.18842001 11047.35457939 11412.52458788
 11777.69500914 12142.8583909  12508.02738637 12873.19592494
 13238.3650312  13603.53457963 13968.6974882  14333.86693649
 14699.03730921 15064.20474381 15429.37390542 15794.53720725
 16159.70730536 16524.87834625 16890.0439057  17255.21280344
 17620.37790457 17985.54810414]
Venus Mass: 4.867105e+27 g	Earth Transit Times: [   92.31720181   457.48637717   822.64962483  1187.81961389
  1552.99070315  1918.1563851   2283.32524844  2648.49020956
  3013.660462    3378.83121198  3743.99521234  4109.16405258
  4474.33136966  4839.50097959  5204.67110905  5569.83409823
  5935.00323021  6300.17278968  6665.34117326  7030.51044304
  7395.67346603  7760.84317069  8126.0140543   8491.18061524
  8856.34960619  9221.51354398  9586.68386872  9951.85483997
 10317.01957837 10682.18842044 11047.3545798  11412.52458835
 11777.69500968 12142.85839135 12508.02738686 12873.19592546
 13238.36503176 13603.53458024 13968.69748871 14333.86693705
 14699.03730984 15064.20474444 15429.3739061  15794.53720785
 16159.70730602 16524.87834698 16890.0439064  17255.21280418
 17620.37790526 17985.5481049 ]
Venus Mass: 4.867003e+27 g	Earth Transit Times: [   92.31720184   457.48637716   822.6496249   1187.8196139
  1552.99070308  1918.15638506  2283.32524837  2648.49020953
  3013.66046192  3378.83121182  3743.99521225  4109.16405245
  4474.33136954  4839.50097941  5204.67110881  5569.83409808
  5935.00323002  6300.17278944  6665.341173    7030.51044274
  7395.67346582  7760.84317042  8126.01405396  8491.18061491
  8856.34960583  9221.51354368  9586.68386836  9951.85483953
 10317.01957798 10682.18842002 11047.3545794  11412.52458789
 11777.69500916 12142.85839091 12508.02738638 12873.19592495
 13238.36503121 13603.53457964 13968.69748821 14333.8669365
 14699.03730922 15064.20474382 15429.37390544 15794.53720727
 16159.70730538 16524.87834627 16890.04390572 17255.21280346
 17620.37790458 17985.54810416]
Venus Mass: 4.867130e+27 g	Earth Transit Times: [   92.3172018    457.48637718   822.64962481  1187.81961389
  1552.99070317  1918.1563851   2283.32524845  2648.49020956
  3013.66046202  3378.83121202  3743.99521236  4109.16405261
  4474.33136969  4839.50097964  5204.67110911  5569.83409826
  5935.00323026  6300.17278974  6665.34117333  7030.51044312
  7395.67346609  7760.84317075  8126.01405439  8491.18061532
  8856.34960629  9221.51354406  9586.68386881  9951.85484007
 10317.01957846 10682.18842055 11047.3545799  11412.52458847
 11777.69500981 12142.85839146 12508.02738698 12873.19592559
 13238.36503189 13603.53458039 13968.69748884 14333.86693719
 14699.03730999 15064.20474459 15429.37390626 15794.53720799
 16159.70730618 16524.87834716 16890.04390657 17255.21280435
 17620.37790542 17985.54810508]
Venus Mass: 4.866984e+27 g	Earth Transit Times: [   92.31720184   457.48637716   822.64962491  1187.81961391
  1552.99070307  1918.15638505  2283.32524836  2648.49020953
  3013.6604619   3378.8312118   3743.99521224  4109.16405243
  4474.33136951  4839.50097938  5204.67110877  5569.83409805
  5935.00322999  6300.1727894   6665.34117296  7030.51044268
  7395.67346578  7760.84317037  8126.0140539   8491.18061485
  8856.34960576  9221.51354363  9586.68386829  9951.85483945
 10317.01957791 10682.18841994 11047.35457933 11412.52458781
 11777.69500906 12142.85839082 12508.02738629 12873.19592486
 13238.36503111 13603.53457953 13968.69748812 14333.8669364
 14699.03730911 15064.20474371 15429.37390531 15794.53720716
 16159.70730526 16524.87834613 16890.0439056  17255.21280332
 17620.37790446 17985.54810402]
Venus Mass: 4.867295e+27 g	Earth Transit Times: [   92.31720175   457.4863772    822.6496247   1187.81961386
  1552.99070328  1918.15638516  2283.32524857  2648.4902096
  3013.66046216  3378.83121228  3743.99521251  4109.16405281
  4474.3313699   4839.50097993  5204.67110949  5569.8340985
  5935.00323056  6300.17279012  6665.34117375  7030.51044362
  7395.67346644  7760.84317118  8126.01405495  8491.18061585
  8856.34960688  9221.51354454  9586.6838694   9951.85484079
 10317.01957909 10682.18842123 11047.35458055 11412.52458922
 11777.69501066 12142.85839218 12508.02738776 12873.19592641
 13238.36503278 13603.53458136 13968.69748966 14333.86693808
 14699.03731099 15064.2047456  15429.37390734 15794.53720894
 16159.70730722 16524.87834833 16890.04390768 17255.21280552
 17620.37790652 17985.54810628]
Venus Mass: 4.867666e+27 g	Earth Transit Times: [   92.31720165   457.48637724   822.64962444  1187.81961381
  1552.99070352  1918.15638528  2283.32524882  2648.49020967
  3013.66046247  3378.83121285  3743.99521284  4109.16405326
  4474.33137035  4839.50098058  5204.67111035  5569.83409904
  5935.00323124  6300.17279097  6665.34117469  7030.51044473
  7395.67346722  7760.84317215  8126.01405619  8491.18061705
  8856.3496082   9221.51354563  9586.68387072  9951.85484238
 10317.0195805  10682.18842276 11047.35458199 11412.52459088
 11777.69501257 12142.85839379 12508.0273895  12873.19592825
 13238.36503476 13603.53458353 13968.69749149 14333.86694008
 14699.03731323 15064.20474785 15429.37390973 15794.53721105
 16159.70730954 16524.87835094 16890.04391016 17255.21280813
 17620.37790896 17985.54810896]
Venus Mass: 4.867403e+27 g	Earth Transit Times: [   92.31720172   457.48637721   822.64962462  1187.81961385
  1552.99070335  1918.1563852   2283.32524864  2648.49020962
  3013.66046225  3378.83121245  3743.99521261  4109.16405294
  4474.33137003  4839.50098012  5204.67110974  5569.83409866
  5935.00323076  6300.17279037  6665.34117402  7030.51044394
  7395.67346666  7760.84317147  8126.01405531  8491.1806162
  8856.34960726  9221.51354486  9586.68386978  9951.85484125
 10317.0195795  10682.18842167 11047.35458097 11412.5245897
 11777.69501122 12142.85839265 12508.02738826 12873.19592694
 13238.36503336 13603.53458199 13968.69749019 14333.86693866
 14699.03731164 15064.20474626 15429.37390803 15794.53720955
 16159.70730789 16524.87834909 16890.0439084  17255.21280628
 17620.37790723 17985.54810706]
Venus Mass: 4.867370e+27 g	Earth Transit Times: [   92.31720173   457.4863772    822.64962465  1187.81961385
  1552.99070332  1918.15638518  2283.32524862  2648.49020961
  3013.66046222  3378.83121239  3743.99521258  4109.1640529
  4474.33136999  4839.50098006  5204.67110967  5569.83409861
  5935.0032307   6300.17279029  6665.34117394  7030.51044384
  7395.67346659  7760.84317138  8126.0140552   8491.18061609
  8856.34960715  9221.51354476  9586.68386967  9951.85484111
 10317.01957938 10682.18842154 11047.35458084 11412.52458955
 11777.69501105 12142.8583925  12508.02738811 12873.19592678
 13238.36503318 13603.5345818  13968.69749003 14333.86693848
 14699.03731144 15064.20474606 15429.37390782 15794.53720936
 16159.70730769 16524.87834885 16890.04390818 17255.21280604
 17620.37790701 17985.54810682]
Venus Mass: 4.867313e+27 g	Earth Transit Times: [   92.31720175   457.4863772    822.64962469  1187.81961386
  1552.99070329  1918.15638516  2283.32524858  2648.4902096
  3013.66046218  3378.83121231  3743.99521253  4109.16405283
  4474.33136992  4839.50097996  5204.67110953  5569.83409853
  5935.00323059  6300.17279016  6665.34117379  7030.51044367
  7395.67346647  7760.84317123  8126.014055    8491.18061591
  8856.34960694  9221.51354459  9586.68386946  9951.85484086
 10317.01957916 10682.1884213  11047.35458061 11412.52458929
 11777.69501075 12142.85839225 12508.02738784 12873.19592649
 13238.36503287 13603.53458146 13968.69748975 14333.86693817
 14699.0373111  15064.20474571 15429.37390745 15794.53720904
 16159.70730733 16524.87834845 16890.0439078  17255.21280564
 17620.37790663 17985.5481064 ]
Venus Mass: 4.867688e+27 g	Earth Transit Times: [   92.31720164   457.48637724   822.64962443  1187.81961381
  1552.99070353  1918.15638529  2283.32524883  2648.49020968
  3013.66046249  3378.83121289  3743.99521286  4109.16405328
  4474.33137038  4839.50098061  5204.67111041  5569.83409907
  5935.00323128  6300.17279102  6665.34117475  7030.51044479
  7395.67346727  7760.84317221  8126.01405626  8491.18061712
  8856.34960828  9221.5135457   9586.68387079  9951.85484248
 10317.01958058 10682.18842285 11047.35458208 11412.52459098
 11777.69501268 12142.85839388 12508.0273896  12873.19592836
 13238.36503488 13603.53458366 13968.6974916  14333.8669402
 14699.03731336 15064.20474799 15429.37390988 15794.53721118
 16159.70730968 16524.87835109 16890.04391031 17255.21280828
 17620.37790911 17985.54810912]
Venus Mass: 4.867361e+27 g	Earth Transit Times: [   92.31720173   457.4863772    822.64962465  1187.81961386
  1552.99070332  1918.15638518  2283.32524861  2648.49020961
  3013.66046222  3378.83121238  3743.99521257  4109.16405289
  4474.33136998  4839.50098004  5204.67110965  5569.8340986
  5935.00323068  6300.17279027  6665.34117392  7030.51044381
  7395.67346657  7760.84317136  8126.01405516  8491.18061606
  8856.34960711  9221.51354474  9586.68386963  9951.85484107
 10317.01957934 10682.1884215  11047.3545808  11412.52458951
 11777.695011   12142.85839246 12508.02738807 12873.19592673
 13238.36503313 13603.53458174 13968.69748998 14333.86693843
 14699.03731139 15064.204746   15429.37390776 15794.53720931
 16159.70730763 16524.87834879 16890.04390812 17255.21280598
 17620.37790695 17985.54810675]
Venus Mass: 4.867313e+27 g	Earth Transit Times: [   92.31720175   457.4863772    822.64962469  1187.81961386
  1552.99070329  1918.15638516  2283.32524858  2648.4902096
  3013.66046218  3378.83121231  3743.99521253  4109.16405283
  4474.33136992  4839.50097996  5204.67110953  5569.83409853
  5935.00323059  6300.17279016  6665.34117379  7030.51044367
  7395.67346647  7760.84317123  8126.014055    8491.18061591
  8856.34960694  9221.5135446   9586.68386946  9951.85484086
 10317.01957916 10682.1884213  11047.35458061 11412.52458929
 11777.69501075 12142.85839225 12508.02738784 12873.1959265
 13238.36503287 13603.53458146 13968.69748975 14333.86693817
 14699.0373111  15064.20474571 15429.37390745 15794.53720904
 16159.70730733 16524.87834845 16890.0439078  17255.21280564
 17620.37790663 17985.5481064 ]
Venus Mass: 4.867394e+27 g	Earth Transit Times: [   92.31720172   457.48637721   822.64962463  1187.81961385
  1552.99070334  1918.15638519  2283.32524863  2648.49020962
  3013.66046224  3378.83121243  3743.9952126   4109.16405293
  4474.33137002  4839.5009801   5204.67110972  5569.83409865
  5935.00323074  6300.17279034  6665.341174    7030.51044391
  7395.67346664  7760.84317144  8126.01405527  8491.18061617
  8856.34960723  9221.51354483  9586.68386975  9951.85484121
 10317.01957946 10682.18842163 11047.35458093 11412.52458966
 11777.69501117 12142.8583926  12508.02738822 12873.1959269
 13238.3650333  13603.53458194 13968.69749015 14333.86693861
 14699.03731158 15064.2047462  15429.37390797 15794.5372095
 16159.70730783 16524.87834902 16890.04390834 17255.21280621
 17620.37790716 17985.54810699]
Venus Mass: 4.867379e+27 g	Earth Transit Times: [   92.31720173   457.48637721   822.64962464  1187.81961385
  1552.99070333  1918.15638519  2283.32524862  2648.49020961
  3013.66046223  3378.83121241  3743.99521258  4109.16405291
  4474.33137     4839.50098007  5204.67110969  5569.83409862
  5935.00323071  6300.17279031  6665.34117396  7030.51044387
  7395.67346661  7760.8431714   8126.01405523  8491.18061612
  8856.34960718  9221.51354479  9586.6838697   9951.85484115
 10317.01957941 10682.18842157 11047.35458087 11412.52458959
 11777.69501109 12142.85839254 12508.02738815 12873.19592682
 13238.36503323 13603.53458185 13968.69749007 14333.86693853
 14699.0373115  15064.20474611 15429.37390788 15794.53720941
 16159.70730774 16524.87834892 16890.04390824 17255.21280611
 17620.37790707 17985.54810688]
Venus Mass: 4.867171e+27 g	Earth Transit Times: [   92.31720179   457.48637718   822.64962478  1187.81961388
  1552.99070319  1918.15638512  2283.32524848  2648.49020957
  3013.66046206  3378.83121209  3743.9952124   4109.16405266
  4474.33136974  4839.50097971  5204.6711092   5569.83409832
  5935.00323033  6300.17278983  6665.34117343  7030.51044324
  7395.67346617  7760.84317086  8126.01405453  8491.18061545
  8856.34960643  9221.51354418  9586.68386896  9951.85484025
 10317.01957862 10682.18842071 11047.35458006 11412.52458865
 11777.69501002 12142.85839164 12508.02738717 12873.19592579
 13238.36503211 13603.53458063 13968.69748904 14333.86693741
 14699.03731024 15064.20474484 15429.37390653 15794.53720823
 16159.70730644 16524.87834745 16890.04390685 17255.21280464
 17620.37790569 17985.54810537]
Venus Mass: 4.866905e+27 g	Earth Transit Times: [   92.31720186   457.48637715   822.64962497  1187.81961392
  1552.99070302  1918.15638503  2283.3252483   2648.49020951
  3013.66046183  3378.83121167  3743.99521217  4109.16405233
  4474.33136941  4839.50097924  5204.67110858  5569.83409794
  5935.00322984  6300.17278922  6665.34117275  7030.51044244
  7395.67346561  7760.84317016  8126.01405363  8491.1806146
  8856.34960548  9221.51354339  9586.68386801  9951.8548391
 10317.01957761 10682.18841962 11047.35457902 11412.52458745
 11777.69500865 12142.85839048 12508.02738592 12873.19592447
 13238.36503068 13603.53457907 13968.69748772 14333.86693597
 14699.03730863 15064.20474322 15429.3739048  15794.53720671
 16159.70730477 16524.87834557 16890.04390506 17255.21280277
 17620.37790393 17985.54810345]
Venus Mass: 4.867528e+27 g	Earth Transit Times: [   92.31720169   457.48637722   822.64962454  1187.81961383
  1552.99070343  1918.15638524  2283.32524872  2648.49020964
  3013.66046236  3378.83121264  3743.99521272  4109.16405309
  4474.33137018  4839.50098033  5204.67111003  5569.83409884
  5935.00323099  6300.17279065  6665.34117434  7030.51044431
  7395.67346693  7760.84317179  8126.01405573  8491.1806166
  8856.34960771  9221.51354523  9586.68387023  9951.85484179
 10317.01957998 10682.18842219 11047.35458146 11412.52459026
 11777.69501186 12142.85839319 12508.02738885 12873.19592756
 13238.36503403 13603.53458272 13968.69749081 14333.86693934
 14699.0373124  15064.20474702 15429.37390884 15794.53721027
 16159.70730868 16524.87834997 16890.04390924 17255.21280716
 17620.37790805 17985.54810797]
Venus Mass: 4.867677e+27 g	Earth Transit Times: [   92.31720164   457.48637724   822.64962444  1187.81961381
  1552.99070352  1918.15638529  2283.32524882  2648.49020968
  3013.66046248  3378.83121287  3743.99521285  4109.16405327
  4474.33137037  4839.5009806   5204.67111038  5569.83409905
  5935.00323126  6300.172791    6665.34117472  7030.51044476
  7395.67346724  7760.84317218  8126.01405623  8491.18061708
  8856.34960824  9221.51354566  9586.68387075  9951.85484243
 10317.01958054 10682.1884228  11047.35458204 11412.52459093
 11777.69501262 12142.85839383 12508.02738955 12873.1959283
 13238.36503482 13603.5345836  13968.69749155 14333.86694014
 14699.03731329 15064.20474792 15429.37390981 15794.53721111
 16159.70730961 16524.87835101 16890.04391024 17255.2128082
 17620.37790903 17985.54810904]
Venus Mass: 4.867687e+27 g	Earth Transit Times: [   92.31720164   457.48637724   822.64962443  1187.81961381
  1552.99070353  1918.15638529  2283.32524883  2648.49020968
  3013.66046249  3378.83121288  3743.99521286  4109.16405328
  4474.33137038  4839.50098061  5204.6711104   5569.83409907
  5935.00323128  6300.17279102  6665.34117475  7030.51044479
  7395.67346726  7760.84317221  8126.01405626  8491.18061711
  8856.34960828  9221.51354569  9586.68387079  9951.85484247
 10317.01958058 10682.18842284 11047.35458207 11412.52459098
 11777.69501267 12142.85839388 12508.0273896  12873.19592835
 13238.36503487 13603.53458365 13968.6974916  14333.86694019
 14699.03731335 15064.20474798 15429.37390987 15794.53721117
 16159.70730967 16524.87835108 16890.0439103  17255.21280827
 17620.3779091  17985.54810911]
Venus Mass: 4.867355e+27 g	Earth Transit Times: [   92.31720174   457.4863772    822.64962466  1187.81961386
  1552.99070331  1918.15638518  2283.32524861  2648.49020961
  3013.66046221  3378.83121237  3743.99521256  4109.16405288
  4474.33136997  4839.50098003  5204.67110963  5569.83409859
  5935.00323067  6300.17279025  6665.3411739   7030.51044379
  7395.67346656  7760.84317134  8126.01405514  8491.18061605
  8856.34960709  9221.51354472  9586.68386961  9951.85484104
 10317.01957932 10682.18842147 11047.35458078 11412.52458948
 11777.69501097 12142.85839244 12508.02738804 12873.1959267
 13238.3650331  13603.53458171 13968.69748995 14333.8669384
 14699.03731135 15064.20474596 15429.37390772 15794.53720928
 16159.70730759 16524.87834875 16890.04390808 17255.21280594
 17620.37790691 17985.54810671]
Venus Mass: 4.866980e+27 g	Earth Transit Times: [   92.31720184   457.48637716   822.64962492  1187.81961391
  1552.99070307  1918.15638505  2283.32524835  2648.49020953
  3013.6604619   3378.83121179  3743.99521223  4109.16405242
  4474.33136951  4839.50097937  5204.67110876  5569.83409805
  5935.00322998  6300.17278939  6665.34117295  7030.51044267
  7395.67346577  7760.84317036  8126.01405389  8491.18061484
  8856.34960575  9221.51354362  9586.68386828  9951.85483943
 10317.0195779  10682.18841993 11047.35457931 11412.52458779
 11777.69500904 12142.85839081 12508.02738627 12873.19592484
 13238.36503109 13603.53457951 13968.6974881  14333.86693638
 14699.03730908 15064.20474368 15429.37390529 15794.53720714
 16159.70730524 16524.8783461  16890.04390557 17255.2128033
 17620.37790443 17985.54810399]
Venus Mass: 4.867272e+27 g	Earth Transit Times: [   92.31720176   457.48637719   822.64962471  1187.81961387
  1552.99070326  1918.15638515  2283.32524855  2648.49020959
  3013.66046214  3378.83121224  3743.99521249  4109.16405278
  4474.33136987  4839.50097988  5204.67110944  5569.83409847
  5935.00323052  6300.17279006  6665.34117369  7030.51044354
  7395.67346639  7760.84317112  8126.01405487  8491.18061578
  8856.34960679  9221.51354447  9586.68386932  9951.85484069
 10317.019579   10682.18842113 11047.35458045 11412.52458911
 11777.69501054 12142.85839208 12508.02738765 12873.19592629
 13238.36503265 13603.53458122 13968.69748954 14333.86693795
 14699.03731085 15064.20474546 15429.37390718 15794.5372088
 16159.70730707 16524.87834816 16890.04390752 17255.21280535
 17620.37790636 17985.54810611]
Venus Mass: 4.867183e+27 g	Earth Transit Times: [   92.31720178   457.48637718   822.64962478  1187.81961388
  1552.9907032   1918.15638512  2283.32524849  2648.49020957
  3013.66046207  3378.8312121   3743.99521241  4109.16405267
  4474.33136976  4839.50097973  5204.67110923  5569.83409834
  5935.00323035  6300.17278986  6665.34117346  7030.51044328
  7395.6734662   7760.84317089  8126.01405457  8491.18061549
  8856.34960648  9221.51354421  9586.683869    9951.8548403
 10317.01957867 10682.18842077 11047.35458011 11412.52458871
 11777.69501008 12142.85839169 12508.02738723 12873.19592585
 13238.36503218 13603.5345807  13968.6974891  14333.86693747
 14699.03731031 15064.20474492 15429.37390661 15794.5372083
 16159.70730651 16524.87834754 16890.04390693 17255.21280473
 17620.37790577 17985.54810546]
Venus Mass: 4.867338e+27 g	Earth Transit Times: [   92.31720174   457.4863772    822.64962467  1187.81961386
  1552.9907033   1918.15638517  2283.32524859  2648.4902096
  3013.6604622   3378.83121234  3743.99521255  4109.16405286
  4474.33136995  4839.50098     5204.67110959  5569.83409856
  5935.00323064  6300.17279022  6665.34117386  7030.51044374
  7395.67346653  7760.8431713   8126.01405509  8491.18061599
  8856.34960703  9221.51354467  9586.68386955  9951.85484097
 10317.01957925 10682.1884214  11047.35458071 11412.52458941
 11777.69501088 12142.85839236 12508.02738796 12873.19592662
 13238.36503301 13603.53458161 13968.69748987 14333.86693831
 14699.03731125 15064.20474586 15429.37390761 15794.53720918
 16159.70730748 16524.87834863 16890.04390797 17255.21280582
 17620.3779068  17985.54810659]
Venus Mass: 4.867601e+27 g	Earth Transit Times: [   92.31720167   457.48637723   822.64962449  1187.81961382
  1552.99070347  1918.15638526  2283.32524877  2648.49020966
  3013.66046242  3378.83121275  3743.99521278  4109.16405318
  4474.33137027  4839.50098046  5204.6711102   5569.83409894
  5935.00323112  6300.17279082  6665.34117453  7030.51044453
  7395.67346708  7760.84317198  8126.01405597  8491.18061684
  8856.34960797  9221.51354544  9586.68387049  9951.85484211
 10317.01958025 10682.18842249 11047.35458174 11412.52459059
 11777.69501223 12142.8583935  12508.02738919 12873.19592793
 13238.36503441 13603.53458315 13968.69749117 14333.86693973
 14699.03731284 15064.20474746 15429.37390932 15794.53721068
 16159.70730913 16524.87835048 16890.04390973 17255.21280767
 17620.37790853 17985.54810849]
Venus Mass: 4.867414e+27 g	Earth Transit Times: [   92.31720172   457.48637721   822.64962462  1187.81961385
  1552.99070335  1918.1563852   2283.32524865  2648.49020962
  3013.66046226  3378.83121246  3743.99521262  4109.16405295
  4474.33137004  4839.50098013  5204.67110977  5569.83409867
  5935.00323078  6300.17279039  6665.34117405  7030.51044397
  7395.67346669  7760.84317149  8126.01405534  8491.18061624
  8856.3496073   9221.51354489  9586.68386982  9951.8548413
 10317.01957954 10682.18842172 11047.35458101 11412.52458975
 11777.69501127 12142.85839269 12508.02738832 12873.195927
 13238.36503341 13603.53458206 13968.69749025 14333.86693872
 14699.03731171 15064.20474632 15429.3739081  15794.53720961
 16159.70730796 16524.87834916 16890.04390848 17255.21280635
 17620.3779073  17985.54810714]
Venus Mass: 4.867490e+27 g	Earth Transit Times: [   92.3172017    457.48637722   822.64962456  1187.81961384
  1552.9907034   1918.15638522  2283.3252487   2648.49020964
  3013.66046232  3378.83121258  3743.99521268  4109.16405304
  4474.33137014  4839.50098027  5204.67110995  5569.83409878
  5935.00323092  6300.17279057  6665.34117425  7030.5104442
  7395.67346685  7760.84317169  8126.0140556   8491.18061648
  8856.34960757  9221.51354512  9586.68387009  9951.85484163
 10317.01957983 10682.18842203 11047.35458131 11412.52459009
 11777.69501166 12142.85839302 12508.02738867 12873.19592737
 13238.36503382 13603.5345825  13968.69749062 14333.86693913
 14699.03731217 15064.20474678 15429.37390859 15794.53721005
 16159.70730844 16524.8783497  16890.04390898 17255.21280689
 17620.3779078  17985.54810769]
Venus Mass: 4.867008e+27 g	Earth Transit Times: [   92.31720183   457.48637716   822.6496249   1187.8196139
  1552.99070309  1918.15638506  2283.32524837  2648.49020954
  3013.66046192  3378.83121183  3743.99521226  4109.16405246
  4474.33136954  4839.50097942  5204.67110882  5569.83409809
  5935.00323003  6300.17278946  6665.34117302  7030.51044275
  7395.67346583  7760.84317044  8126.01405398  8491.18061493
  8856.34960585  9221.5135437   9586.68386838  9951.85483955
 10317.019578   10682.18842005 11047.35457943 11412.52458792
 11777.69500919 12142.85839093 12508.02738641 12873.19592498
 13238.36503124 13603.53457968 13968.69748824 14333.86693653
 14699.03730926 15064.20474386 15429.37390548 15794.5372073
 16159.70730542 16524.87834631 16890.04390576 17255.2128035
 17620.37790462 17985.5481042 ]
Venus Mass: 4.867319e+27 g	Earth Transit Times: [   92.31720175   457.4863772    822.64962468  1187.81961386
  1552.99070329  1918.15638517  2283.32524858  2648.4902096
  3013.66046218  3378.83121231  3743.99521253  4109.16405284
  4474.33136993  4839.50097997  5204.67110955  5569.83409854
  5935.0032306   6300.17279017  6665.34117381  7030.51044369
  7395.67346649  7760.84317125  8126.01405502  8491.18061593
  8856.34960696  9221.51354461  9586.68386948  9951.85484089
 10317.01957918 10682.18842132 11047.35458064 11412.52458932
 11777.69501078 12142.85839228 12508.02738787 12873.19592652
 13238.3650329  13603.5345815  13968.69748978 14333.86693821
 14699.03731113 15064.20474574 15429.37390749 15794.53720907
 16159.70730736 16524.87834849 16890.04390784 17255.21280568
 17620.37790667 17985.54810645]
Venus Mass: 4.867355e+27 g	Earth Transit Times: [   92.31720174   457.4863772    822.64962466  1187.81961386
  1552.99070331  1918.15638518  2283.32524861  2648.49020961
  3013.66046221  3378.83121237  3743.99521256  4109.16405288
  4474.33136997  4839.50098003  5204.67110963  5569.83409859
  5935.00323067  6300.17279025  6665.3411739   7030.51044379
  7395.67346656  7760.84317134  8126.01405514  8491.18061604
  8856.34960709  9221.51354472  9586.68386961  9951.85484104
 10317.01957932 10682.18842147 11047.35458078 11412.52458948
 11777.69501097 12142.85839244 12508.02738804 12873.1959267
 13238.3650331  13603.53458171 13968.69748995 14333.8669384
 14699.03731135 15064.20474596 15429.37390772 15794.53720928
 16159.70730759 16524.87834875 16890.04390808 17255.21280594
 17620.37790691 17985.54810671]
Venus Mass: 4.867471e+27 g	Earth Transit Times: [   92.3172017    457.48637722   822.64962458  1187.81961384
  1552.99070339  1918.15638522  2283.32524868  2648.49020963
  3013.66046231  3378.83121255  3743.99521267  4109.16405302
  4474.33137011  4839.50098023  5204.6711099   5569.83409876
  5935.00323088  6300.17279052  6665.3411742   7030.51044414
  7395.67346681  7760.84317164  8126.01405554  8491.18061642
  8856.34960751  9221.51354506  9586.68387002  9951.85484155
 10317.01957976 10682.18842195 11047.35458123 11412.52459001
 11777.69501157 12142.85839294 12508.02738858 12873.19592728
 13238.36503372 13603.53458239 13968.69749053 14333.86693903
 14699.03731205 15064.20474667 15429.37390847 15794.53720994
 16159.70730832 16524.87834957 16890.04390886 17255.21280676
 17620.37790768 17985.54810755]
Venus Mass: 4.867008e+27 g	Earth Transit Times: [   92.31720183   457.48637716   822.6496249   1187.8196139
  1552.99070309  1918.15638506  2283.32524837  2648.49020954
  3013.66046192  3378.83121183  3743.99521226  4109.16405246
  4474.33136954  4839.50097942  5204.67110882  5569.83409809
  5935.00323003  6300.17278945  6665.34117302  7030.51044275
  7395.67346583  7760.84317044  8126.01405398  8491.18061493
  8856.34960585  9221.5135437   9586.68386838  9951.85483955
 10317.019578   10682.18842004 11047.35457942 11412.52458792
 11777.69500919 12142.85839093 12508.02738641 12873.19592498
 13238.36503124 13603.53457968 13968.69748824 14333.86693653
 14699.03730926 15064.20474386 15429.37390547 15794.5372073
 16159.70730542 16524.87834631 16890.04390576 17255.2128035
 17620.37790462 17985.5481042 ]
Venus Mass: 4.867449e+27 g	Earth Transit Times: [   92.31720171   457.48637721   822.64962459  1187.81961384
  1552.99070338  1918.15638521  2283.32524867  2648.49020963
  3013.66046229  3378.83121252  3743.99521265  4109.16405299
  4474.33137009  4839.5009802   5204.67110985  5569.83409873
  5935.00323084  6300.17279047  6665.34117414  7030.51044408
  7395.67346676  7760.84317159  8126.01405546  8491.18061635
  8856.34960743  9221.51354499  9586.68386995  9951.85484145
 10317.01957967 10682.18842186 11047.35458115 11412.52458991
 11777.69501145 12142.85839284 12508.02738848 12873.19592717
 13238.3650336  13603.53458226 13968.69749042 14333.86693891
 14699.03731192 15064.20474654 15429.37390833 15794.53720981
 16159.70730818 16524.87834941 16890.04390871 17255.2128066
 17620.37790753 17985.54810739]
Venus Mass: 4.867045e+27 g	Earth Transit Times: [   92.31720182   457.48637717   822.64962487  1187.8196139
  1552.99070311  1918.15638508  2283.3252484   2648.49020954
  3013.66046195  3378.83121189  3743.99521229  4109.1640525
  4474.33136959  4839.50097949  5204.67110891  5569.83409814
  5935.0032301   6300.17278954  6665.34117311  7030.51044286
  7395.67346591  7760.84317053  8126.0140541   8491.18061505
  8856.34960598  9221.51354381  9586.68386851  9951.85483971
 10317.01957814 10682.18842019 11047.35457957 11412.52458808
 11777.69500937 12142.85839109 12508.02738658 12873.19592516
 13238.36503144 13603.53457989 13968.69748842 14333.86693673
 14699.03730948 15064.20474408 15429.37390571 15794.53720751
 16159.70730564 16524.87834656 16890.043906   17255.21280375
 17620.37790486 17985.54810446]
Venus Mass: 4.867204e+27 g	Earth Transit Times: [   92.31720178   457.48637718   822.64962476  1187.81961388
  1552.99070322  1918.15638513  2283.3252485   2648.49020958
  3013.66046208  3378.83121214  3743.99521243  4109.1640527
  4474.33136978  4839.50097977  5204.67110928  5569.83409837
  5935.00323039  6300.17278991  6665.34117352  7030.51044334
  7395.67346624  7760.84317095  8126.01405464  8491.18061556
  8856.34960655  9221.51354428  9586.68386908  9951.85484039
 10317.01957875 10682.18842085 11047.35458019 11412.5245888
 11777.69501019 12142.85839178 12508.02738733 12873.19592595
 13238.36503229 13603.53458082 13968.69748921 14333.86693759
 14699.03731044 15064.20474505 15429.37390674 15794.53720842
 16159.70730664 16524.87834768 16890.04390707 17255.21280488
 17620.37790591 17985.54810562]
Venus Mass: 4.867625e+27 g	Earth Transit Times: [   92.31720166   457.48637724   822.64962447  1187.81961382
  1552.99070349  1918.15638527  2283.32524879  2648.49020966
  3013.66046244  3378.83121279  3743.9952128   4109.16405321
  4474.3313703   4839.5009805   5204.67111026  5569.83409898
  5935.00323116  6300.17279088  6665.34117459  7030.5104446
  7395.67346713  7760.84317204  8126.01405605  8491.18061691
  8856.34960806  9221.51354551  9586.68387057  9951.85484221
 10317.01958034 10682.18842259 11047.35458183 11412.5245907
 11777.69501236 12142.85839361 12508.02738931 12873.19592804
 13238.36503454 13603.53458329 13968.69749129 14333.86693986
 14699.03731298 15064.2047476  15429.37390947 15794.53721082
 16159.70730928 16524.87835065 16890.04390989 17255.21280784
 17620.37790869 17985.54810866]
Venus Mass: 4.867352e+27 g	Earth Transit Times: [   92.31720174   457.4863772    822.64962466  1187.81961386
  1552.99070331  1918.15638518  2283.3252486   2648.49020961
  3013.66046221  3378.83121237  3743.99521256  4109.16405288
  4474.33136997  4839.50098003  5204.67110963  5569.83409859
  5935.00323066  6300.17279025  6665.3411739   7030.51044379
  7395.67346656  7760.84317133  8126.01405514  8491.18061604
  8856.34960708  9221.51354471  9586.6838696   9951.85484103
 10317.01957931 10682.18842146 11047.35458077 11412.52458947
 11777.69501095 12142.85839243 12508.02738803 12873.19592669
 13238.36503308 13603.53458169 13968.69748994 14333.86693839
 14699.03731134 15064.20474595 15429.3739077  15794.53720926
 16159.70730757 16524.87834873 16890.04390806 17255.21280592
 17620.37790689 17985.54810669]
Venus Mass: 4.867235e+27 g	Earth Transit Times: [   92.31720177   457.48637719   822.64962474  1187.81961387
  1552.99070324  1918.15638514  2283.32524853  2648.49020958
  3013.66046211  3378.83121218  3743.99521246  4109.16405273
  4474.33136982  4839.50097982  5204.67110935  5569.83409842
  5935.00323045  6300.17278998  6665.3411736   7030.51044343
  7395.67346631  7760.84317103  8126.01405474  8491.18061566
  8856.34960666  9221.51354437  9586.68386918  9951.85484053
 10317.01957886 10682.18842098 11047.35458031 11412.52458894
 11777.69501035 12142.85839191 12508.02738747 12873.19592611
 13238.36503245 13603.534581   13968.69748936 14333.86693775
 14699.03731063 15064.20474523 15429.37390694 15794.53720859
 16159.70730684 16524.8783479  16890.04390728 17255.21280509
 17620.37790612 17985.54810584]
Venus Mass: 4.867048e+27 g	Earth Transit Times: [   92.31720182   457.48637717   822.64962487  1187.8196139
  1552.99070311  1918.15638508  2283.3252484   2648.49020954
  3013.66046195  3378.8312119   3743.99521229  4109.16405251
  4474.33136959  4839.50097949  5204.67110892  5569.83409815
  5935.00323011  6300.17278955  6665.34117312  7030.51044287
  7395.67346591  7760.84317054  8126.01405412  8491.18061506
  8856.34960599  9221.51354382  9586.68386852  9951.85483972
 10317.01957816 10682.18842021 11047.35457958 11412.5245881
 11777.69500939 12142.85839111 12508.0273866  12873.19592518
 13238.36503145 13603.53457991 13968.69748844 14333.86693675
 14699.0373095  15064.2047441  15429.37390573 15794.53720753
 16159.70730567 16524.87834659 16890.04390603 17255.21280378
 17620.37790488 17985.54810449]
Venus Mass: 4.867223e+27 g	Earth Transit Times: [   92.31720177   457.48637719   822.64962475  1187.81961387
  1552.99070323  1918.15638513  2283.32524852  2648.49020958
  3013.6604621   3378.83121217  3743.99521245  4109.16405272
  4474.33136981  4839.5009798   5204.67110932  5569.8340984
  5935.00323043  6300.17278995  6665.34117356  7030.5104434
  7395.67346628  7760.84317099  8126.0140547   8491.18061562
  8856.34960662  9221.51354433  9586.68386914  9951.85484047
 10317.01957882 10682.18842093 11047.35458026 11412.52458889
 11777.69501029 12142.85839186 12508.02738742 12873.19592605
 13238.36503239 13603.53458093 13968.6974893  14333.86693769
 14699.03731055 15064.20474516 15429.37390686 15794.53720852
 16159.70730676 16524.87834782 16890.04390719 17255.21280501
 17620.37790604 17985.54810575]
Venus Mass: 4.867316e+27 g	Earth Transit Times: [   92.31720175   457.4863772    822.64962468  1187.81961386
  1552.99070329  1918.15638517  2283.32524858  2648.4902096
  3013.66046218  3378.83121231  3743.99521253  4109.16405283
  4474.33136992  4839.50097996  5204.67110954  5569.83409853
  5935.0032306   6300.17279017  6665.3411738   7030.51044368
  7395.67346648  7760.84317124  8126.01405502  8491.18061592
  8856.34960695  9221.51354461  9586.68386947  9951.85484088
 10317.01957917 10682.18842131 11047.35458063 11412.52458931
 11777.69501077 12142.85839227 12508.02738786 12873.19592651
 13238.36503289 13603.53458148 13968.69748976 14333.86693819
 14699.03731112 15064.20474573 15429.37390747 15794.53720906
 16159.70730735 16524.87834848 16890.04390782 17255.21280567
 17620.37790665 17985.54810643]
Venus Mass: 4.867244e+27 g	Earth Transit Times: [   92.31720177   457.48637719   822.64962473  1187.81961387
  1552.99070324  1918.15638514  2283.32524853  2648.49020958
  3013.66046212  3378.8312122   3743.99521246  4109.16405274
  4474.33136983  4839.50097983  5204.67110937  5569.83409843
  5935.00323046  6300.17279     6665.34117362  7030.51044346
  7395.67346633  7760.84317105  8126.01405477  8491.18061569
  8856.34960669  9221.51354439  9586.68386922  9951.85484056
 10317.0195789  10682.18842101 11047.35458034 11412.52458898
 11777.6950104  12142.85839195 12508.02738751 12873.19592615
 13238.3650325  13603.53458106 13968.6974894  14333.8669378
 14699.03731068 15064.20474529 15429.373907   15794.53720864
 16159.70730689 16524.87834796 16890.04390734 17255.21280515
 17620.37790617 17985.5481059 ]
Venus Mass: 4.867085e+27 g	Earth Transit Times: [   92.31720181   457.48637717   822.64962484  1187.81961389
  1552.99070314  1918.15638509  2283.32524842  2648.49020955
  3013.66046198  3378.83121195  3743.99521233  4109.16405255
  4474.33136964  4839.50097956  5204.671109    5569.8340982
  5935.00323017  6300.17278963  6665.34117321  7030.51044299
  7395.67346599  7760.84317064  8126.01405424  8491.18061518
  8856.34960613  9221.51354393  9586.68386865  9951.85483988
 10317.0195783  10682.18842036 11047.35457973 11412.52458827
 11777.69500958 12142.85839127 12508.02738677 12873.19592536
 13238.36503165 13603.53458013 13968.69748862 14333.86693695
 14699.03730972 15064.20474432 15429.37390597 15794.53720774
 16159.7073059  16524.87834685 16890.04390627 17255.21280404
 17620.37790513 17985.54810475]
Venus Mass: 4.867472e+27 g	Earth Transit Times: [   92.3172017    457.48637722   822.64962458  1187.81961384
  1552.99070339  1918.15638522  2283.32524868  2648.49020963
  3013.66046231  3378.83121255  3743.99521267  4109.16405302
  4474.33137011  4839.50098024  5204.6711099   5569.83409876
  5935.00323088  6300.17279052  6665.3411742   7030.51044414
  7395.67346681  7760.84317164  8126.01405554  8491.18061642
  8856.34960751  9221.51354506  9586.68387003  9951.85484155
 10317.01957976 10682.18842196 11047.35458123 11412.52459001
 11777.69501157 12142.85839294 12508.02738859 12873.19592728
 13238.36503372 13603.53458239 13968.69749053 14333.86693903
 14699.03731206 15064.20474667 15429.37390848 15794.53720994
 16159.70730832 16524.87834957 16890.04390886 17255.21280676
 17620.37790768 17985.54810756]
Venus Mass: 4.867148e+27 g	Earth Transit Times: [   92.31720179   457.48637718   822.6496248   1187.81961388
  1552.99070318  1918.15638511  2283.32524847  2648.49020956
  3013.66046204  3378.83121205  3743.99521238  4109.16405263
  4474.33136971  4839.50097967  5204.67110915  5569.83409829
  5935.00323029  6300.17278978  6665.34117337  7030.51044317
  7395.67346612  7760.8431708   8126.01405445  8491.18061538
  8856.34960635  9221.51354411  9586.68386887  9951.85484015
 10317.01957853 10682.18842062 11047.35457997 11412.52458855
 11777.6950099  12142.85839154 12508.02738706 12873.19592567
 13238.36503199 13603.53458049 13968.69748893 14333.86693728
 14699.0373101  15064.2047447  15429.37390638 15794.53720809
 16159.70730629 16524.87834729 16890.04390669 17255.21280448
 17620.37790554 17985.54810521]
Venus Mass: 4.867436e+27 g	Earth Transit Times: [   92.31720171   457.48637721   822.6496246   1187.81961385
  1552.99070337  1918.15638521  2283.32524866  2648.49020963
  3013.66046228  3378.8312125   3743.99521263  4109.16405298
  4474.33137007  4839.50098017  5204.67110982  5569.83409871
  5935.00323082  6300.17279044  6665.34117411  7030.51044404
  7395.67346673  7760.84317155  8126.01405542  8491.18061631
  8856.34960738  9221.51354496  9586.6838699   9951.85484139
 10317.01957963 10682.18842181 11047.3545811  11412.52458985
 11777.69501139 12142.85839279 12508.02738842 12873.19592711
 13238.36503353 13603.53458218 13968.69749036 14333.86693884
 14699.03731184 15064.20474646 15429.37390825 15794.53720974
 16159.7073081  16524.87834932 16890.04390862 17255.21280651
 17620.37790744 17985.5481073 ]
Venus Mass: 4.867727e+27 g	Earth Transit Times: [   92.31720163   457.48637725   822.6496244   1187.81961381
  1552.99070356  1918.1563853   2283.32524886  2648.49020969
  3013.66046252  3378.83121295  3743.99521289  4109.16405333
  4474.33137043  4839.50098068  5204.6711105   5569.83409913
  5935.00323135  6300.17279111  6665.34117485  7030.51044491
  7395.67346735  7760.84317231  8126.01405639  8491.18061724
  8856.34960842  9221.51354581  9586.68387093  9951.85484265
 10317.01958073 10682.18842301 11047.35458223 11412.52459116
 11777.69501288 12142.85839405 12508.02738978 12873.19592855
 13238.36503509 13603.53458389 13968.6974918  14333.86694041
 14699.0373136  15064.20474822 15429.37391013 15794.5372114
 16159.70730992 16524.87835137 16890.04391057 17255.21280856
 17620.37790937 17985.5481094 ]
Venus Mass: 4.867198e+27 g	Earth Transit Times: [   92.31720178   457.48637718   822.64962476  1187.81961388
  1552.99070321  1918.15638513  2283.3252485   2648.49020958
  3013.66046208  3378.83121213  3743.99521242  4109.16405269
  4474.33136978  4839.50097975  5204.67110927  5569.83409836
  5935.00323038  6300.17278989  6665.3411735   7030.51044332
  7395.67346623  7760.84317093  8126.01405462  8491.18061554
  8856.34960653  9221.51354426  9586.68386905  9951.85484037
 10317.01957872 10682.18842083 11047.35458017 11412.52458878
 11777.69501016 12142.85839176 12508.0273873  12873.19592592
 13238.36503226 13603.53458079 13968.69748918 14333.86693755
 14699.0373104  15064.20474501 15429.3739067  15794.53720838
 16159.70730661 16524.87834764 16890.04390703 17255.21280483
 17620.37790587 17985.54810557]
Venus Mass: 4.867477e+27 g	Earth Transit Times: [   92.3172017    457.48637722   822.64962457  1187.81961384
  1552.99070339  1918.15638522  2283.32524869  2648.49020963
  3013.66046231  3378.83121256  3743.99521267  4109.16405303
  4474.33137012  4839.50098025  5204.67110992  5569.83409877
  5935.00323089  6300.17279054  6665.34117421  7030.51044416
  7395.67346682  7760.84317166  8126.01405556  8491.18061644
  8856.34960753  9221.51354508  9586.68387005  9951.85484157
 10317.01957978 10682.18842198 11047.35458126 11412.52459004
 11777.6950116  12142.85839297 12508.02738861 12873.19592731
 13238.36503375 13603.53458243 13968.69749056 14333.86693906
 14699.03731209 15064.20474671 15429.37390851 15794.53720998
 16159.70730836 16524.87834961 16890.0439089  17255.2128068
 17620.37790772 17985.5481076 ]
Venus Mass: 4.867061e+27 g	Earth Transit Times: [   92.31720182   457.48637717   822.64962486  1187.8196139
  1552.99070312  1918.15638508  2283.32524841  2648.49020955
  3013.66046196  3378.83121192  3743.9952123   4109.16405252
  4474.33136961  4839.50097951  5204.67110895  5569.83409816
  5935.00323013  6300.17278958  6665.34117315  7030.51044291
  7395.67346594  7760.84317057  8126.01405416  8491.1806151
  8856.34960604  9221.51354385  9586.68386857  9951.85483978
 10317.0195782  10682.18842026 11047.35457963 11412.52458816
 11777.69500946 12142.85839116 12508.02738666 12873.19592524
 13238.36503152 13603.53457998 13968.6974885  14333.86693681
 14699.03730958 15064.20474418 15429.37390581 15794.5372076
 16159.70730575 16524.87834668 16890.04390611 17255.21280387
 17620.37790497 17985.54810458]
Venus Mass: 4.867671e+27 g	Earth Transit Times: [   92.31720165   457.48637724   822.64962444  1187.81961381
  1552.99070352  1918.15638528  2283.32524882  2648.49020967
  3013.66046248  3378.83121286  3743.99521284  4109.16405326
  4474.33137036  4839.50098058  5204.67111037  5569.83409905
  5935.00323125  6300.17279098  6665.34117471  7030.51044474
  7395.67346723  7760.84317216  8126.0140562   8491.18061706
  8856.34960822  9221.51354565  9586.68387073  9951.8548424
 10317.01958051 10682.18842278 11047.35458201 11412.52459091
 11777.69501259 12142.85839381 12508.02738952 12873.19592827
 13238.36503479 13603.53458356 13968.69749152 14333.86694011
 14699.03731326 15064.20474788 15429.37390977 15794.53721108
 16159.70730957 16524.87835097 16890.04391019 17255.21280816
 17620.37790899 17985.548109  ]
Venus Mass: 4.867328e+27 g	Earth Transit Times: [   92.31720174   457.4863772    822.64962468  1187.81961386
  1552.9907033   1918.15638517  2283.32524859  2648.4902096
  3013.66046219  3378.83121233  3743.99521254  4109.16405285
  4474.33136994  4839.50097998  5204.67110957  5569.83409855
  5935.00323062  6300.17279019  6665.34117383  7030.51044371
  7395.6734665   7760.84317127  8126.01405505  8491.18061596
  8856.34960699  9221.51354464  9586.68386951  9951.85484093
 10317.01957921 10682.18842136 11047.35458067 11412.52458936
 11777.69501083 12142.85839232 12508.02738791 12873.19592657
 13238.36503295 13603.53458155 13968.69748982 14333.86693825
 14699.03731119 15064.2047458  15429.37390754 15794.53720912
 16159.70730742 16524.87834855 16890.0439079  17255.21280575
 17620.37790673 17985.54810651]
Venus Mass: 4.867354e+27 g	Earth Transit Times: [   92.31720174   457.4863772    822.64962466  1187.81961386
  1552.99070331  1918.15638518  2283.32524861  2648.49020961
  3013.66046221  3378.83121237  3743.99521256  4109.16405288
  4474.33136997  4839.50098003  5204.67110963  5569.83409859
  5935.00323067  6300.17279025  6665.3411739   7030.51044379
  7395.67346656  7760.84317134  8126.01405514  8491.18061604
  8856.34960709  9221.51354472  9586.68386961  9951.85484104
 10317.01957931 10682.18842147 11047.35458078 11412.52458948
 11777.69501096 12142.85839243 12508.02738803 12873.1959267
 13238.36503309 13603.5345817  13968.69748995 14333.8669384
 14699.03731135 15064.20474596 15429.37390771 15794.53720927
 16159.70730758 16524.87834874 16890.04390807 17255.21280593
 17620.3779069  17985.5481067 ]
Venus Mass: 4.867295e+27 g	Earth Transit Times: [   92.31720175   457.4863772    822.6496247   1187.81961386
  1552.99070328  1918.15638516  2283.32524857  2648.4902096
  3013.66046216  3378.83121228  3743.99521251  4109.16405281
  4474.3313699   4839.50097993  5204.67110949  5569.8340985
  5935.00323056  6300.17279012  6665.34117375  7030.51044361
  7395.67346644  7760.84317118  8126.01405494  8491.18061585
  8856.34960688  9221.51354454  9586.6838694   9951.85484079
 10317.01957909 10682.18842123 11047.35458055 11412.52458921
 11777.69501066 12142.85839218 12508.02738776 12873.19592641
 13238.36503278 13603.53458136 13968.69748966 14333.86693808
 14699.03731099 15064.2047456  15429.37390733 15794.53720894
 16159.70730722 16524.87834833 16890.04390768 17255.21280552
 17620.37790651 17985.54810628]
Venus Mass: 4.867273e+27 g	Earth Transit Times: [   92.31720176   457.48637719   822.64962471  1187.81961387
  1552.99070326  1918.15638515  2283.32524855  2648.49020959
  3013.66046214  3378.83121224  3743.99521249  4109.16405278
  4474.33136987  4839.50097989  5204.67110944  5569.83409847
  5935.00323052  6300.17279007  6665.34117369  7030.51044355
  7395.67346639  7760.84317113  8126.01405487  8491.18061578
  8856.3496068   9221.51354448  9586.68386932  9951.85484069
 10317.01957901 10682.18842114 11047.35458046 11412.52458911
 11777.69501055 12142.85839208 12508.02738765 12873.1959263
 13238.36503266 13603.53458123 13968.69748955 14333.86693796
 14699.03731085 15064.20474546 15429.37390719 15794.53720881
 16159.70730708 16524.87834817 16890.04390753 17255.21280536
 17620.37790637 17985.54810611]
Venus Mass: 4.866810e+27 g	Earth Transit Times: [   92.31720189   457.48637714   822.64962503  1187.81961393
  1552.99070296  1918.156385    2283.32524824  2648.49020949
  3013.66046175  3378.83121153  3743.99521208  4109.16405222
  4474.3313693   4839.50097907  5204.67110836  5569.8340978
  5935.00322967  6300.172789    6665.34117251  7030.51044216
  7395.67346541  7760.84316992  8126.01405332  8491.18061429
  8856.34960514  9221.51354312  9586.68386768  9951.8548387
 10317.01957725 10682.18841923 11047.35457865 11412.52458703
 11777.69500817 12142.85839007 12508.02738548 12873.195924
 13238.36503018 13603.53457851 13968.69748726 14333.86693546
 14699.03730806 15064.20474265 15429.37390419 15794.53720617
 16159.70730417 16524.87834491 16890.04390443 17255.2128021
 17620.37790331 17985.54810276]
Venus Mass: 4.867586e+27 g	Earth Transit Times: [   92.31720167   457.48637723   822.6496245   1187.81961383
  1552.99070346  1918.15638526  2283.32524876  2648.49020966
  3013.6604624   3378.83121273  3743.99521277  4109.16405316
  4474.33137025  4839.50098044  5204.67111017  5569.83409892
  5935.00323109  6300.17279079  6665.34117449  7030.51044449
  7395.67346705  7760.84317194  8126.01405592  8491.18061679
  8856.34960792  9221.5135454   9586.68387043  9951.85484204
 10317.01958019 10682.18842243 11047.35458168 11412.52459052
 11777.69501215 12142.85839344 12508.02738912 12873.19592785
 13238.36503433 13603.53458306 13968.6974911  14333.86693965
 14699.03731274 15064.20474737 15429.37390922 15794.53721059
 16159.70730904 16524.87835037 16890.04390963 17255.21280756
 17620.37790843 17985.54810838]
Venus Mass: 4.867281e+27 g	Earth Transit Times: [   92.31720176   457.48637719   822.64962471  1187.81961387
  1552.99070327  1918.15638515  2283.32524856  2648.49020959
  3013.66046215  3378.83121226  3743.9952125   4109.16405279
  4474.33136988  4839.5009799   5204.67110946  5569.83409848
  5935.00323053  6300.17279008  6665.34117371  7030.51044357
  7395.67346641  7760.84317115  8126.0140549   8491.18061581
  8856.34960683  9221.5135445   9586.68386935  9951.85484072
 10317.01957904 10682.18842117 11047.35458049 11412.52458915
 11777.69501059 12142.85839211 12508.02738769 12873.19592634
 13238.3650327  13603.53458127 13968.69748959 14333.866938
 14699.0373109  15064.20474551 15429.37390724 15794.53720885
 16159.70730713 16524.87834822 16890.04390758 17255.21280541
 17620.37790642 17985.54810617]
Venus Mass: 4.866938e+27 g	Earth Transit Times: [   92.31720185   457.48637715   822.64962494  1187.81961391
  1552.99070304  1918.15638504  2283.32524833  2648.49020952
  3013.66046186  3378.83121172  3743.9952122   4109.16405237
  4474.33136946  4839.5009793   5204.67110866  5569.83409799
  5935.00322991  6300.17278929  6665.34117284  7030.51044254
  7395.67346568  7760.84317025  8126.01405375  8491.1806147
  8856.3496056   9221.51354349  9586.68386813  9951.85483925
 10317.01957774 10682.18841976 11047.35457915 11412.5245876
 11777.69500882 12142.85839063 12508.02738608 12873.19592463
 13238.36503087 13603.53457927 13968.69748789 14333.86693615
 14699.03730883 15064.20474343 15429.37390502 15794.5372069
 16159.70730498 16524.87834581 16890.04390529 17255.212803
 17620.37790416 17985.54810369]
Venus Mass: 4.867141e+27 g	Earth Transit Times: [   92.3172018    457.48637718   822.6496248   1187.81961389
  1552.99070317  1918.15638511  2283.32524846  2648.49020956
  3013.66046203  3378.83121204  3743.99521237  4109.16405262
  4474.33136971  4839.50097966  5204.67110913  5569.83409828
  5935.00323028  6300.17278976  6665.34117336  7030.51044315
  7395.67346611  7760.84317078  8126.01405443  8491.18061536
  8856.34960633  9221.51354409  9586.68386885  9951.85484012
 10317.01957851 10682.18842059 11047.35457995 11412.52458852
 11777.69500987 12142.85839151 12508.02738703 12873.19592564
 13238.36503195 13603.53458046 13968.6974889  14333.86693725
 14699.03731006 15064.20474467 15429.37390634 15794.53720806
 16159.70730625 16524.87834724 16890.04390665 17255.21280443
 17620.3779055  17985.54810516]
Venus Mass: 4.867882e+27 g	Earth Transit Times: [   92.31720159   457.48637727   822.64962429  1187.81961379
  1552.99070366  1918.15638535  2283.32524896  2648.49020972
  3013.66046265  3378.83121319  3743.99521303  4109.16405352
  4474.33137062  4839.50098095  5204.67111086  5569.83409935
  5935.00323163  6300.17279147  6665.34117524  7030.51044537
  7395.67346768  7760.84317272  8126.01405691  8491.18061774
  8856.34960898  9221.51354627  9586.68387148  9951.85484331
 10317.01958132 10682.18842365 11047.35458284 11412.52459186
 11777.69501368 12142.85839472 12508.02739051 12873.19592932
 13238.36503592 13603.5345848  13968.69749257 14333.86694125
 14699.03731453 15064.20474917 15429.37391113 15794.53721228
 16159.7073109  16524.87835246 16890.04391161 17255.21280965
 17620.37791039 17985.54811053]
Venus Mass: 4.866811e+27 g	Earth Transit Times: [   92.31720189   457.48637714   822.64962503  1187.81961393
  1552.99070296  1918.156385    2283.32524824  2648.49020949
  3013.66046175  3378.83121153  3743.99521208  4109.16405222
  4474.3313693   4839.50097907  5204.67110836  5569.8340978
  5935.00322967  6300.172789    6665.34117251  7030.51044216
  7395.67346541  7760.84316992  8126.01405332  8491.18061429
  8856.34960514  9221.51354312  9586.68386768  9951.8548387
 10317.01957725 10682.18841923 11047.35457865 11412.52458703
 11777.69500817 12142.85839007 12508.02738548 12873.195924
 13238.36503018 13603.53457852 13968.69748726 14333.86693546
 14699.03730806 15064.20474265 15429.37390419 15794.53720617
 16159.70730418 16524.87834491 16890.04390444 17255.21280211
 17620.37790331 17985.54810276]
Venus Mass: 4.867335e+27 g	Earth Transit Times: [   92.31720174   457.4863772    822.64962467  1187.81961386
  1552.9907033   1918.15638517  2283.32524859  2648.4902096
  3013.66046219  3378.83121234  3743.99521255  4109.16405286
  4474.33136995  4839.50098     5204.67110959  5569.83409856
  5935.00323063  6300.17279021  6665.34117385  7030.51044374
  7395.67346652  7760.84317129  8126.01405508  8491.18061598
  8856.34960702  9221.51354466  9586.68386954  9951.85484096
 10317.01957924 10682.18842139 11047.3545807  11412.5245894
 11777.69501087 12142.85839235 12508.02738795 12873.19592661
 13238.36503299 13603.53458159 13968.69748986 14333.8669383
 14699.03731123 15064.20474585 15429.37390759 15794.53720917
 16159.70730747 16524.87834861 16890.04390795 17255.2128058
 17620.37790678 17985.54810657]
Venus Mass: 4.866869e+27 g	Earth Transit Times: [   92.31720187   457.48637714   822.64962499  1187.81961392
  1552.990703    1918.15638502  2283.32524828  2648.49020951
  3013.6604618   3378.83121162  3743.99521214  4109.16405229
  4474.33136937  4839.50097918  5204.6711085   5569.83409789
  5935.00322978  6300.17278913  6665.34117266  7030.51044234
  7395.67346553  7760.84317007  8126.01405351  8491.18061448
  8856.34960535  9221.51354329  9586.68386788  9951.85483895
 10317.01957748 10682.18841947 11047.35457888 11412.52458729
 11777.69500847 12142.85839033 12508.02738575 12873.19592429
 13238.36503049 13603.53457886 13968.69748755 14333.86693578
 14699.03730842 15064.20474301 15429.37390457 15794.5372065
 16159.70730454 16524.87834532 16890.04390483 17255.21280252
 17620.3779037  17985.54810319]
Venus Mass: 4.867918e+27 g	Earth Transit Times: [   92.31720158   457.48637727   822.64962427  1187.81961378
  1552.99070368  1918.15638537  2283.32524898  2648.49020973
  3013.66046268  3378.83121324  3743.99521306  4109.16405356
  4474.33137066  4839.50098102  5204.67111094  5569.8340994
  5935.0032317   6300.17279155  6665.34117534  7030.51044548
  7395.67346775  7760.84317281  8126.01405703  8491.18061786
  8856.34960911  9221.51354637  9586.68387161  9951.85484347
 10317.01958145 10682.18842379 11047.35458298 11412.52459202
 11777.69501386 12142.85839488 12508.02739068 12873.1959295
 13238.36503611 13603.53458501 13968.69749274 14333.86694144
 14699.03731475 15064.20474939 15429.37391137 15794.53721249
 16159.70731112 16524.87835271 16890.04391185 17255.2128099
 17620.37791063 17985.54811079]
Venus Mass: 4.867412e+27 g	Earth Transit Times: [   92.31720172   457.48637721   822.64962462  1187.81961385
  1552.99070335  1918.1563852   2283.32524864  2648.49020962
  3013.66046226  3378.83121246  3743.99521261  4109.16405295
  4474.33137004  4839.50098013  5204.67110976  5569.83409867
  5935.00323077  6300.17279039  6665.34117405  7030.51044397
  7395.67346668  7760.84317149  8126.01405534  8491.18061623
  8856.3496073   9221.51354489  9586.68386981  9951.85484129
 10317.01957953 10682.18842171 11047.354581   11412.52458974
 11777.69501126 12142.85839268 12508.02738831 12873.19592699
 13238.3650334  13603.53458204 13968.69749024 14333.86693871
 14699.0373117  15064.20474631 15429.37390809 15794.5372096
 16159.70730795 16524.87834915 16890.04390846 17255.21280634
 17620.37790729 17985.54810712]
Venus Mass: 4.867485e+27 g	Earth Transit Times: [   92.3172017    457.48637722   822.64962457  1187.81961384
  1552.9907034   1918.15638522  2283.32524869  2648.49020964
  3013.66046232  3378.83121257  3743.99521268  4109.16405304
  4474.33137013  4839.50098026  5204.67110993  5569.83409878
  5935.00323091  6300.17279056  6665.34117423  7030.51044419
  7395.67346684  7760.84317168  8126.01405558  8491.18061646
  8856.34960756  9221.5135451   9586.68387007  9951.85484161
 10317.01957981 10682.18842201 11047.35458129 11412.52459007
 11777.69501164 12142.858393   12508.02738865 12873.19592735
 13238.36503379 13603.53458247 13968.6974906  14333.8669391
 14699.03731214 15064.20474676 15429.37390856 15794.53721002
 16159.70730841 16524.87834967 16890.04390895 17255.21280685
 17620.37790777 17985.54810765]
Venus Mass: 4.867173e+27 g	Earth Transit Times: [   92.31720179   457.48637718   822.64962478  1187.81961388
  1552.9907032   1918.15638512  2283.32524848  2648.49020957
  3013.66046206  3378.83121209  3743.9952124   4109.16405266
  4474.33136975  4839.50097971  5204.67110921  5569.83409833
  5935.00323034  6300.17278983  6665.34117344  7030.51044325
  7395.67346618  7760.84317087  8126.01405453  8491.18061546
  8856.34960644  9221.51354418  9586.68386896  9951.85484026
 10317.01957863 10682.18842072 11047.35458007 11412.52458866
 11777.69501003 12142.85839165 12508.02738718 12873.1959258
 13238.36503212 13603.53458064 13968.69748905 14333.86693742
 14699.03731025 15064.20474486 15429.37390654 15794.53720824
 16159.70730645 16524.87834747 16890.04390686 17255.21280466
 17620.37790571 17985.54810539]
Venus Mass: 4.867570e+27 g	Earth Transit Times: [   92.31720168   457.48637723   822.64962451  1187.81961383
  1552.99070345  1918.15638525  2283.32524875  2648.49020965
  3013.66046239  3378.8312127   3743.99521275  4109.16405314
  4474.33137023  4839.50098041  5204.67111013  5569.8340989
  5935.00323106  6300.17279075  6665.34117445  7030.51044444
  7395.67346702  7760.8431719   8126.01405587  8491.18061674
  8856.34960786  9221.51354535  9586.68387037  9951.85484197
 10317.01958013 10682.18842236 11047.35458162 11412.52459045
 11777.69501207 12142.85839337 12508.02738905 12873.19592777
 13238.36503425 13603.53458297 13968.69749102 14333.86693956
 14699.03731265 15064.20474727 15429.37390911 15794.5372105
 16159.70730894 16524.87835026 16890.04390952 17255.21280745
 17620.37790833 17985.54810827]
Venus Mass: 4.867465e+27 g	Earth Transit Times: [   92.3172017    457.48637722   822.64962458  1187.81961384
  1552.99070339  1918.15638522  2283.32524868  2648.49020963
  3013.6604623   3378.83121254  3743.99521266  4109.16405301
  4474.33137011  4839.50098022  5204.67110989  5569.83409875
  5935.00323087  6300.17279051  6665.34117418  7030.51044413
  7395.6734668   7760.84317163  8126.01405552  8491.1806164
  8856.34960749  9221.51354504  9586.68387     9951.85484152
 10317.01957974 10682.18842193 11047.35458121 11412.52458998
 11777.69501154 12142.85839292 12508.02738856 12873.19592725
 13238.36503369 13603.53458236 13968.6974905  14333.866939
 14699.03731202 15064.20474664 15429.37390844 15794.53720991
 16159.70730828 16524.87834953 16890.04390882 17255.21280672
 17620.37790764 17985.54810751]
Venus Mass: 4.867181e+27 g	Earth Transit Times: [   92.31720179   457.48637718   822.64962478  1187.81961388
  1552.9907032   1918.15638512  2283.32524849  2648.49020957
  3013.66046206  3378.8312121   3743.99521241  4109.16405267
  4474.33136976  4839.50097973  5204.67110923  5569.83409834
  5935.00323035  6300.17278985  6665.34117346  7030.51044327
  7395.67346619  7760.84317089  8126.01405456  8491.18061549
  8856.34960647  9221.51354421  9586.68386899  9951.8548403
 10317.01957866 10682.18842076 11047.3545801  11412.5245887
 11777.69501007 12142.85839168 12508.02738722 12873.19592584
 13238.36503217 13603.53458069 13968.69748909 14333.86693746
 14699.0373103  15064.20474491 15429.37390659 15794.53720828
 16159.7073065  16524.87834752 16890.04390692 17255.21280471
 17620.37790576 17985.54810545]
Venus Mass: 4.867734e+27 g	Earth Transit Times: [   92.31720163   457.48637725   822.6496244   1187.81961381
  1552.99070356  1918.15638531  2283.32524886  2648.49020969
  3013.66046253  3378.83121296  3743.9952129   4109.16405334
  4474.33137044  4839.5009807   5204.67111051  5569.83409914
  5935.00323136  6300.17279113  6665.34117487  7030.51044493
  7395.67346736  7760.84317233  8126.01405642  8491.18061727
  8856.34960845  9221.51354583  9586.68387096  9951.85484268
 10317.01958076 10682.18842304 11047.35458226 11412.52459119
 11777.69501292 12142.85839408 12508.02738982 12873.19592859
 13238.36503513 13603.53458393 13968.69749183 14333.86694045
 14699.03731364 15064.20474827 15429.37391018 15794.53721144
 16159.70730997 16524.87835142 16890.04391062 17255.21280861
 17620.37790942 17985.54810946]
Venus Mass: 4.867421e+27 g	Earth Transit Times: [   92.31720172   457.48637721   822.64962461  1187.81961385
  1552.99070336  1918.1563852   2283.32524865  2648.49020962
  3013.66046227  3378.83121247  3743.99521262  4109.16405296
  4474.33137005  4839.50098015  5204.67110978  5569.83409868
  5935.00323079  6300.17279041  6665.34117407  7030.51044399
  7395.6734667   7760.84317151  8126.01405537  8491.18061626
  8856.34960733  9221.51354491  9586.68386984  9951.85484133
 10317.01957957 10682.18842174 11047.35458104 11412.52458978
 11777.69501131 12142.85839272 12508.02738835 12873.19592703
 13238.36503345 13603.53458209 13968.69749028 14333.86693876
 14699.03731175 15064.20474636 15429.37390815 15794.53720965
 16159.707308   16524.87834921 16890.04390852 17255.2128064
 17620.37790734 17985.54810719]
Venus Mass: 4.867130e+27 g	Earth Transit Times: [   92.3172018    457.48637718   822.64962481  1187.81961389
  1552.99070317  1918.1563851   2283.32524846  2648.49020956
  3013.66046202  3378.83121202  3743.99521236  4109.16405261
  4474.33136969  4839.50097964  5204.67110911  5569.83409826
  5935.00323026  6300.17278974  6665.34117333  7030.51044312
  7395.67346609  7760.84317075  8126.01405439  8491.18061532
  8856.34960629  9221.51354406  9586.68386881  9951.85484008
 10317.01957847 10682.18842055 11047.3545799  11412.52458847
 11777.69500981 12142.85839146 12508.02738698 12873.19592559
 13238.36503189 13603.53458039 13968.69748884 14333.86693719
 14699.03730999 15064.2047446  15429.37390626 15794.53720799
 16159.70730618 16524.87834716 16890.04390658 17255.21280435
 17620.37790542 17985.54810508]
Venus Mass: 4.867189e+27 g	Earth Transit Times: [   92.31720178   457.48637718   822.64962477  1187.81961388
  1552.99070321  1918.15638512  2283.32524849  2648.49020957
  3013.66046207  3378.83121211  3743.99521242  4109.16405268
  4474.33136977  4839.50097974  5204.67110924  5569.83409835
  5935.00323036  6300.17278987  6665.34117348  7030.5104433
  7395.67346621  7760.84317091  8126.01405459  8491.18061551
  8856.3496065   9221.51354423  9586.68386902  9951.85484033
 10317.01957869 10682.18842079 11047.35458013 11412.52458873
 11777.69501011 12142.85839171 12508.02738726 12873.19592588
 13238.36503221 13603.53458073 13968.69748913 14333.8669375
 14699.03731035 15064.20474495 15429.37390664 15794.53720833
 16159.70730655 16524.87834758 16890.04390697 17255.21280477
 17620.37790581 17985.54810551]
Venus Mass: 4.867565e+27 g	Earth Transit Times: [   92.31720168   457.48637723   822.64962451  1187.81961383
  1552.99070345  1918.15638525  2283.32524875  2648.49020965
  3013.66046239  3378.8312127   3743.99521275  4109.16405313
  4474.33137023  4839.5009804   5204.67111012  5569.83409889
  5935.00323105  6300.17279074  6665.34117444  7030.51044443
  7395.67346701  7760.84317189  8126.01405585  8491.18061672
  8856.34960785  9221.51354534  9586.68387036  9951.85484195
 10317.01958012 10682.18842234 11047.3545816  11412.52459043
 11777.69501205 12142.85839335 12508.02738903 12873.19592775
 13238.36503422 13603.53458294 13968.697491   14333.86693954
 14699.03731262 15064.20474724 15429.37390908 15794.53721048
 16159.70730891 16524.87835023 16890.04390949 17255.21280742
 17620.3779083  17985.54810823]
Venus Mass: 4.867577e+27 g	Earth Transit Times: [   92.31720167   457.48637723   822.6496245   1187.81961383
  1552.99070346  1918.15638525  2283.32524876  2648.49020965
  3013.6604624   3378.83121272  3743.99521276  4109.16405315
  4474.33137024  4839.50098042  5204.67111015  5569.83409891
  5935.00323107  6300.17279077  6665.34117447  7030.51044446
  7395.67346703  7760.84317192  8126.01405589  8491.18061676
  8856.34960789  9221.51354537  9586.6838704   9951.854842
 10317.01958016 10682.18842239 11047.35458165 11412.52459048
 11777.69501211 12142.8583934  12508.02738908 12873.19592781
 13238.36503429 13603.53458301 13968.69749106 14333.8669396
 14699.03731269 15064.20474731 15429.37390916 15794.53721054
 16159.70730898 16524.87835031 16890.04390957 17255.2128075
 17620.37790838 17985.54810832]
Venus Mass: 4.867495e+27 g	Earth Transit Times: [   92.3172017    457.48637722   822.64962456  1187.81961384
  1552.99070341  1918.15638523  2283.3252487   2648.49020964
  3013.66046233  3378.83121259  3743.99521269  4109.16405305
  4474.33137014  4839.50098028  5204.67110996  5569.83409879
  5935.00323092  6300.17279058  6665.34117426  7030.51044421
  7395.67346686  7760.8431717   8126.01405561  8491.1806165
  8856.34960759  9221.51354513  9586.68387011  9951.85484165
 10317.01957985 10682.18842205 11047.35458132 11412.52459011
 11777.69501169 12142.85839304 12508.02738869 12873.1959274
 13238.36503385 13603.53458253 13968.69749065 14333.86693916
 14699.03731219 15064.20474681 15429.37390863 15794.53721007
 16159.70730847 16524.87834973 16890.04390902 17255.21280692
 17620.37790783 17985.54810772]
Venus Mass: 4.867253e+27 g	Earth Transit Times: [   92.31720176   457.48637719   822.64962473  1187.81961387
  1552.99070325  1918.15638514  2283.32524854  2648.49020959
  3013.66046213  3378.83121221  3743.99521247  4109.16405276
  4474.33136984  4839.50097985  5204.67110939  5569.83409844
  5935.00323048  6300.17279002  6665.34117364  7030.51044349
  7395.67346635  7760.84317107  8126.0140548   8491.18061572
  8856.34960673  9221.51354442  9586.68386925  9951.85484061
 10317.01957893 10682.18842105 11047.35458038 11412.52458902
 11777.69501044 12142.85839199 12508.02738756 12873.1959262
 13238.36503255 13603.53458111 13968.69748945 14333.86693785
 14699.03731074 15064.20474534 15429.37390706 15794.5372087
 16159.70730695 16524.87834803 16890.0439074  17255.21280522
 17620.37790624 17985.54810597]
Venus Mass: 4.867427e+27 g	Earth Transit Times: [   92.31720172   457.48637721   822.64962461  1187.81961385
  1552.99070336  1918.1563852   2283.32524865  2648.49020962
  3013.66046227  3378.83121248  3743.99521263  4109.16405297
  4474.33137006  4839.50098016  5204.6711098   5569.83409869
  5935.0032308   6300.17279042  6665.34117409  7030.51044401
  7395.67346671  7760.84317153  8126.01405539  8491.18061628
  8856.34960735  9221.51354493  9586.68386987  9951.85484136
 10317.01957959 10682.18842177 11047.35458106 11412.52458981
 11777.69501134 12142.85839275 12508.02738838 12873.19592706
 13238.36503348 13603.53458213 13968.69749031 14333.86693879
 14699.03731179 15064.2047464  15429.37390819 15794.53720969
 16159.70730804 16524.87834926 16890.04390856 17255.21280645
 17620.37790739 17985.54810723]
Venus Mass: 4.867254e+27 g	Earth Transit Times: [   92.31720176   457.48637719   822.64962473  1187.81961387
  1552.99070325  1918.15638515  2283.32524854  2648.49020959
  3013.66046213  3378.83121221  3743.99521247  4109.16405276
  4474.33136985  4839.50097985  5204.6711094   5569.83409844
  5935.00323048  6300.17279002  6665.34117364  7030.51044349
  7395.67346635  7760.84317108  8126.01405481  8491.18061572
  8856.34960673  9221.51354442  9586.68386925  9951.85484061
 10317.01957893 10682.18842106 11047.35458038 11412.52458903
 11777.69501045 12142.858392   12508.02738756 12873.1959262
 13238.36503256 13603.53458112 13968.69748945 14333.86693786
 14699.03731074 15064.20474535 15429.37390707 15794.5372087
 16159.70730696 16524.87834804 16890.0439074  17255.21280523
 17620.37790624 17985.54810598]
Venus Mass: 4.867509e+27 g	Earth Transit Times: [   92.31720169   457.48637722   822.64962455  1187.81961384
  1552.99070341  1918.15638523  2283.32524871  2648.49020964
  3013.66046234  3378.83121261  3743.9952127   4109.16405307
  4474.33137016  4839.5009803   5204.67110999  5569.83409881
  5935.00323095  6300.17279061  6665.3411743   7030.51044426
  7395.67346689  7760.84317174  8126.01405566  8491.18061654
  8856.34960764  9221.51354517  9586.68387016  9951.85484171
 10317.0195799  10682.18842211 11047.35458138 11412.52459018
 11777.69501176 12142.85839311 12508.02738876 12873.19592747
 13238.36503392 13603.53458261 13968.69749072 14333.86693923
 14699.03731228 15064.2047469  15429.37390872 15794.53721016
 16159.70730856 16524.87834984 16890.04390912 17255.21280702
 17620.37790793 17985.54810783]
Venus Mass: 4.867792e+27 g	Earth Transit Times: [   92.31720161   457.48637726   822.64962436  1187.8196138
  1552.9907036   1918.15638532  2283.3252489   2648.4902097
  3013.66046258  3378.83121305  3743.99521295  4109.16405341
  4474.33137051  4839.5009808   5204.67111065  5569.83409922
  5935.00323147  6300.17279126  6665.34117501  7030.5104451
  7395.67346749  7760.84317248  8126.01405661  8491.18061745
  8856.34960866  9221.513546    9586.68387116  9951.85484293
 10317.01958097 10682.18842327 11047.35458248 11412.52459145
 11777.69501321 12142.85839433 12508.02739009 12873.19592887
 13238.36503544 13603.53458427 13968.69749212 14333.86694076
 14699.03731399 15064.20474862 15429.37391055 15794.53721177
 16159.70731033 16524.87835182 16890.043911   17255.21280901
 17620.37790979 17985.54810987]
Venus Mass: 4.867208e+27 g	Earth Transit Times: [   92.31720178   457.48637719   822.64962476  1187.81961388
  1552.99070322  1918.15638513  2283.32524851  2648.49020958
  3013.66046209  3378.83121214  3743.99521243  4109.1640527
  4474.33136979  4839.50097977  5204.67110929  5569.83409838
  5935.0032304   6300.17278992  6665.34117353  7030.51044335
  7395.67346625  7760.84317096  8126.01405465  8491.18061557
  8856.34960656  9221.51354429  9586.68386909  9951.85484041
 10317.01957876 10682.18842087 11047.3545802  11412.52458882
 11777.69501021 12142.8583918  12508.02738735 12873.19592597
 13238.36503231 13603.53458085 13968.69748923 14333.86693761
 14699.03731046 15064.20474507 15429.37390677 15794.53720844
 16159.70730667 16524.87834771 16890.0439071  17255.2128049
 17620.37790594 17985.54810564]
Venus Mass: 4.866991e+27 g	Earth Transit Times: [   92.31720184   457.48637716   822.64962491  1187.81961391
  1552.99070308  1918.15638506  2283.32524836  2648.49020953
  3013.6604619   3378.83121181  3743.99521224  4109.16405244
  4474.33136952  4839.50097939  5204.67110878  5569.83409806
  5935.00323     6300.17278941  6665.34117297  7030.5104427
  7395.67346579  7760.84317039  8126.01405392  8491.18061487
  8856.34960579  9221.51354365  9586.68386832  9951.85483947
 10317.01957794 10682.18841997 11047.35457936 11412.52458784
 11777.69500909 12142.85839085 12508.02738633 12873.19592489
 13238.36503115 13603.53457957 13968.69748815 14333.86693643
 14699.03730915 15064.20474375 15429.37390536 15794.5372072
 16159.7073053  16524.87834618 16890.04390564 17255.21280337
 17620.3779045  17985.54810407]
Venus Mass: 4.867470e+27 g	Earth Transit Times: [   92.3172017    457.48637722   822.64962458  1187.81961384
  1552.99070339  1918.15638522  2283.32524868  2648.49020963
  3013.66046231  3378.83121255  3743.99521266  4109.16405302
  4474.33137011  4839.50098023  5204.6711099   5569.83409876
  5935.00323088  6300.17279052  6665.34117419  7030.51044414
  7395.6734668   7760.84317164  8126.01405553  8491.18061641
  8856.3496075   9221.51354506  9586.68387002  9951.85484154
 10317.01957975 10682.18842195 11047.35458123 11412.52459
 11777.69501156 12142.85839293 12508.02738858 12873.19592727
 13238.36503371 13603.53458238 13968.69749052 14333.86693902
 14699.03731204 15064.20474666 15429.37390846 15794.53720993
 16159.70730831 16524.87834956 16890.04390885 17255.21280675
 17620.37790767 17985.54810754]
Venus Mass: 4.867521e+27 g	Earth Transit Times: [   92.31720169   457.48637722   822.64962454  1187.81961383
  1552.99070342  1918.15638523  2283.32524872  2648.49020964
  3013.66046235  3378.83121263  3743.99521271  4109.16405308
  4474.33137017  4839.50098032  5204.67111002  5569.83409883
  5935.00323097  6300.17279064  6665.34117433  7030.51044429
  7395.67346691  7760.84317177  8126.0140557   8491.18061658
  8856.34960769  9221.51354521  9586.6838702   9951.85484176
 10317.01957995 10682.18842216 11047.35458143 11412.52459023
 11777.69501182 12142.85839316 12508.02738882 12873.19592753
 13238.36503399 13603.53458268 13968.69749078 14333.8669393
 14699.03731236 15064.20474698 15429.3739088  15794.53721023
 16159.70730864 16524.87834992 16890.0439092  17255.21280711
 17620.37790801 17985.54810792]
Venus Mass: 4.867390e+27 g	Earth Transit Times: [   92.31720173   457.48637721   822.64962463  1187.81961385
  1552.99070334  1918.15638519  2283.32524863  2648.49020962
  3013.66046224  3378.83121242  3743.99521259  4109.16405292
  4474.33137001  4839.50098009  5204.67110971  5569.83409864
  5935.00323073  6300.17279033  6665.34117399  7030.5104439
  7395.67346664  7760.84317143  8126.01405526  8491.18061616
  8856.34960722  9221.51354482  9586.68386973  9951.85484119
 10317.01957945 10682.18842162 11047.35458091 11412.52458964
 11777.69501115 12142.85839259 12508.0273882  12873.19592688
 13238.36503328 13603.53458191 13968.69749013 14333.86693859
 14699.03731156 15064.20474617 15429.37390795 15794.53720947
 16159.70730781 16524.87834899 16890.04390831 17255.21280618
 17620.37790714 17985.54810696]
Venus Mass: 4.867520e+27 g	Earth Transit Times: [   92.31720169   457.48637722   822.64962454  1187.81961383
  1552.99070342  1918.15638523  2283.32524872  2648.49020964
  3013.66046235  3378.83121263  3743.99521271  4109.16405308
  4474.33137017  4839.50098032  5204.67111001  5569.83409883
  5935.00323097  6300.17279064  6665.34117432  7030.51044429
  7395.67346691  7760.84317177  8126.0140557   8491.18061658
  8856.34960768  9221.5135452   9586.6838702   9951.85484175
 10317.01957994 10682.18842215 11047.35458142 11412.52459023
 11777.69501182 12142.85839315 12508.02738881 12873.19592752
 13238.36503398 13603.53458267 13968.69749077 14333.86693929
 14699.03731235 15064.20474697 15429.37390879 15794.53721022
 16159.70730862 16524.87834991 16890.04390918 17255.2128071
 17620.377908   17985.5481079 ]
Venus Mass: 4.867207e+27 g	Earth Transit Times: [   92.31720178   457.48637718   822.64962476  1187.81961388
  1552.99070322  1918.15638513  2283.32524851  2648.49020958
  3013.66046209  3378.83121214  3743.99521243  4109.1640527
  4474.33136979  4839.50097977  5204.67110929  5569.83409838
  5935.0032304   6300.17278991  6665.34117352  7030.51044335
  7395.67346625  7760.84317095  8126.01405465  8491.18061557
  8856.34960656  9221.51354428  9586.68386908  9951.85484041
 10317.01957876 10682.18842086 11047.3545802  11412.52458881
 11777.69501021 12142.85839179 12508.02738734 12873.19592597
 13238.3650323  13603.53458084 13968.69748922 14333.8669376
 14699.03731046 15064.20474506 15429.37390676 15794.53720843
 16159.70730666 16524.8783477  16890.04390709 17255.21280489
 17620.37790593 17985.54810563]
Venus Mass: 4.867396e+27 g	Earth Transit Times: [   92.31720172   457.48637721   822.64962463  1187.81961385
  1552.99070334  1918.15638519  2283.32524863  2648.49020962
  3013.66046225  3378.83121243  3743.9952126   4109.16405293
  4474.33137002  4839.5009801   5204.67110973  5569.83409865
  5935.00323074  6300.17279035  6665.34117401  7030.51044392
  7395.67346665  7760.84317145  8126.01405528  8491.18061618
  8856.34960724  9221.51354484  9586.68386976  9951.85484122
 10317.01957947 10682.18842164 11047.35458094 11412.52458967
 11777.69501118 12142.85839262 12508.02738823 12873.19592691
 13238.36503332 13603.53458195 13968.69749016 14333.86693862
 14699.0373116  15064.20474621 15429.37390799 15794.53720951
 16159.70730785 16524.87834904 16890.04390836 17255.21280623
 17620.37790718 17985.54810701]
Venus Mass: 4.867274e+27 g	Earth Transit Times: [   92.31720176   457.48637719   822.64962471  1187.81961387
  1552.99070326  1918.15638515  2283.32524855  2648.49020959
  3013.66046214  3378.83121225  3743.99521249  4109.16405278
  4474.33136987  4839.50097989  5204.67110944  5569.83409847
  5935.00323052  6300.17279007  6665.3411737   7030.51044355
  7395.67346639  7760.84317113  8126.01405487  8491.18061579
  8856.3496068   9221.51354448  9586.68386932  9951.8548407
 10317.01957901 10682.18842114 11047.35458046 11412.52458912
 11777.69501055 12142.85839209 12508.02738766 12873.1959263
 13238.36503266 13603.53458124 13968.69748955 14333.86693797
 14699.03731086 15064.20474547 15429.3739072  15794.53720882
 16159.70730708 16524.87834818 16890.04390754 17255.21280537
 17620.37790638 17985.54810612]
Venus Mass: 4.866878e+27 g	Earth Transit Times: [   92.31720187   457.48637715   822.64962498  1187.81961392
  1552.990703    1918.15638502  2283.32524829  2648.49020951
  3013.66046181  3378.83121163  3743.99521214  4109.1640523
  4474.33136938  4839.50097919  5204.67110852  5569.8340979
  5935.0032298   6300.17278915  6665.34117269  7030.51044236
  7395.67346555  7760.8431701   8126.01405355  8491.18061451
  8856.34960538  9221.51354332  9586.68386792  9951.85483899
 10317.01957751 10682.18841951 11047.35457892 11412.52458733
 11777.69500852 12142.85839037 12508.0273858  12873.19592434
 13238.36503054 13603.53457891 13968.69748759 14333.86693583
 14699.03730847 15064.20474307 15429.37390463 15794.53720656
 16159.7073046  16524.87834539 16890.04390489 17255.21280258
 17620.37790376 17985.54810326]
Venus Mass: 4.867406e+27 g	Earth Transit Times: [   92.31720172   457.48637721   822.64962462  1187.81961385
  1552.99070335  1918.1563852   2283.32524864  2648.49020962
  3013.66046225  3378.83121245  3743.99521261  4109.16405294
  4474.33137003  4839.50098012  5204.67110975  5569.83409866
  5935.00323076  6300.17279037  6665.34117403  7030.51044395
  7395.67346667  7760.84317147  8126.01405532  8491.18061621
  8856.34960727  9221.51354487  9586.68386979  9951.85484126
 10317.01957951 10682.18842168 11047.35458098 11412.52458971
 11777.69501123 12142.85839266 12508.02738828 12873.19592696
 13238.36503337 13603.53458201 13968.69749021 14333.86693868
 14699.03731166 15064.20474627 15429.37390805 15794.53720957
 16159.70730791 16524.87834911 16890.04390842 17255.2128063
 17620.37790724 17985.54810708]
Venus Mass: 4.868023e+27 g	Earth Transit Times: [   92.31720155   457.48637728   822.6496242   1187.81961377
  1552.99070375  1918.1563854   2283.32524906  2648.49020975
  3013.66046277  3378.83121341  3743.99521315  4109.16405369
  4474.33137079  4839.5009812   5204.67111119  5569.83409955
  5935.00323189  6300.1727918   6665.3411756   7030.5104458
  7395.67346797  7760.84317308  8126.01405739  8491.18061819
  8856.34960948  9221.51354668  9586.68387198  9951.85484392
 10317.01958185 10682.18842423 11047.35458339 11412.52459249
 11777.6950144  12142.85839534 12508.02739118 12873.19593002
 13238.36503667 13603.53458562 13968.69749326 14333.86694201
 14699.03731538 15064.20475002 15429.37391205 15794.53721309
 16159.70731178 16524.87835345 16890.04391255 17255.21281064
 17620.37791132 17985.54811155]
Venus Mass: 4.867324e+27 g	Earth Transit Times: [   92.31720174   457.4863772    822.64962468  1187.81961386
  1552.99070329  1918.15638517  2283.32524859  2648.4902096
  3013.66046218  3378.83121232  3743.99521254  4109.16405284
  4474.33136993  4839.50097998  5204.67110956  5569.83409854
  5935.00323061  6300.17279018  6665.34117382  7030.5104437
  7395.6734665   7760.84317126  8126.01405504  8491.18061595
  8856.34960698  9221.51354463  9586.6838695   9951.85484091
 10317.0195792  10682.18842135 11047.35458066 11412.52458934
 11777.69501081 12142.8583923  12508.02738789 12873.19592655
 13238.36503293 13603.53458153 13968.6974898  14333.86693823
 14699.03731116 15064.20474577 15429.37390752 15794.5372091
 16159.7073074  16524.87834853 16890.04390787 17255.21280572
 17620.3779067  17985.54810648]
Venus Mass: 4.867155e+27 g	Earth Transit Times: [   92.31720179   457.48637718   822.64962479  1187.81961388
  1552.99070318  1918.15638511  2283.32524847  2648.49020957
  3013.66046204  3378.83121206  3743.99521239  4109.16405264
  4474.33136972  4839.50097968  5204.67110916  5569.8340983
  5935.0032303   6300.17278979  6665.34117339  7030.51044319
  7395.67346614  7760.84317082  8126.01405447  8491.1806154
  8856.34960637  9221.51354413  9586.6838689   9951.85484018
 10317.01957856 10682.18842065 11047.35458    11412.52458858
 11777.69500994 12142.85839157 12508.0273871  12873.19592571
 13238.36503202 13603.53458053 13968.69748896 14333.86693732
 14699.03731014 15064.20474474 15429.37390642 15794.53720813
 16159.70730633 16524.87834734 16890.04390674 17255.21280453
 17620.37790559 17985.54810526]
Venus Mass: 4.867470e+27 g	Earth Transit Times: [   92.3172017    457.48637722   822.64962458  1187.81961384
  1552.99070339  1918.15638522  2283.32524868  2648.49020963
  3013.66046231  3378.83121255  3743.99521266  4109.16405302
  4474.33137011  4839.50098023  5204.6711099   5569.83409876
  5935.00323088  6300.17279052  6665.3411742   7030.51044414
  7395.67346681  7760.84317164  8126.01405553  8491.18061642
  8856.3496075   9221.51354506  9586.68387002  9951.85484154
 10317.01957976 10682.18842195 11047.35458123 11412.52459
 11777.69501156 12142.85839294 12508.02738858 12873.19592728
 13238.36503371 13603.53458238 13968.69749053 14333.86693902
 14699.03731205 15064.20474666 15429.37390847 15794.53720993
 16159.70730831 16524.87834956 16890.04390885 17255.21280675
 17620.37790767 17985.54810754]
Venus Mass: 4.867597e+27 g	Earth Transit Times: [   92.31720167   457.48637723   822.64962449  1187.81961382
  1552.99070347  1918.15638526  2283.32524877  2648.49020966
  3013.66046241  3378.83121275  3743.99521278  4109.16405317
  4474.33137027  4839.50098045  5204.67111019  5569.83409894
  5935.00323111  6300.17279081  6665.34117452  7030.51044452
  7395.67346707  7760.84317197  8126.01405596  8491.18061682
  8856.34960796  9221.51354543  9586.68387047  9951.85484209
 10317.01958024 10682.18842247 11047.35458172 11412.52459057
 11777.69501221 12142.85839349 12508.02738917 12873.19592791
 13238.36503439 13603.53458313 13968.69749115 14333.86693971
 14699.03731281 15064.20474743 15429.37390929 15794.53721066
 16159.70730911 16524.87835045 16890.0439097  17255.21280764
 17620.37790851 17985.54810846]
Venus Mass: 4.867452e+27 g	Earth Transit Times: [   92.31720171   457.48637721   822.64962459  1187.81961384
  1552.99070338  1918.15638521  2283.32524867  2648.49020963
  3013.66046229  3378.83121252  3743.99521265  4109.164053
  4474.33137009  4839.5009802   5204.67110986  5569.83409873
  5935.00323085  6300.17279048  6665.34117415  7030.51044409
  7395.67346677  7760.84317159  8126.01405547  8491.18061636
  8856.34960744  9221.51354501  9586.68386996  9951.85484147
 10317.01957969 10682.18842188 11047.35458116 11412.52458992
 11777.69501147 12142.85839286 12508.0273885  12873.19592719
 13238.36503362 13603.53458228 13968.69749044 14333.86693893
 14699.03731194 15064.20474656 15429.37390835 15794.53720983
 16159.7073082  16524.87834943 16890.04390873 17255.21280662
 17620.37790755 17985.54810742]
