58054.3530994	0.9985310693213285	0.0010270243064972962
58054.3566757	0.9991167274031155	0.0010270243064972962
58054.3602519	0.9976642931208294	0.0010270243064972962
58054.3638286	0.9989033955693327	0.0010270243064972962
58054.3674049	0.9986909082757955	0.0010270243064972962
58054.3709812	0.9983500245458337	0.0010270243064972962
58054.3745577	0.9997352912585065	0.0010270243064972962
58054.3781342	0.9986018380447047	0.0010270243064972962
58054.3817105	0.9990146563457486	0.0010270243064972962
58054.4193145	1.0005135585952456	0.0010270243064972962
58054.422891	0.9965523062529513	0.0010270243064972962
58054.4264675	0.9988289613757689	0.0010270243064972962
58054.4300438	0.9984219374100429	0.0010270243064972962
58054.4336201	0.9982556936102824	0.0010270243064972962
58054.4371966	0.9980539538880161	0.0010270243064972962
58054.4407731	1.0000762832272951	0.0010270243064972962
58054.4443494	0.9985572078594188	0.0010270243064972962
58054.4479257	0.9994496319810847	0.0010270243064972962
58054.4855068	0.998731053244908	0.0010270243064972962
58054.4890831	0.9994256634637937	0.0010270243064972962
58054.4926595	0.9984848043087241	0.0010270243064972962
58054.496236	1.000177429347224	0.0010270243064972962
58054.4998123	0.9995042240252857	0.0010270243064972962
58054.5033886	0.9994811929856094	0.0010270243064972962
58054.5069651	0.9987618669002405	0.0010270243064972962
58054.5105416	0.9989424987075385	0.0010270243064972962
58054.5141179	0.9987628463731708	0.0010270243064972962
58054.5517105	0.9973274825222861	0.0010270243064972962
58054.5552868	0.9980535059170482	0.0010270243064972962
58054.5588632	0.9981905523133827	0.0010270243064972962
58054.5624397	0.9977484550085803	0.0010270243064972962
58054.566016	0.997921412755546	0.0010270243064972962
58054.5695923	0.9983237180743243	0.0010270243064972962
58054.5731688	0.9994321913132459	0.0010270243064972962
58054.5767453	0.9972760098146323	0.0010270243064972962
58054.5803216	1.0010895513823796	0.0010270243064972962
58054.6179257	0.998737117565105	0.0010270243064972962
58054.6215021	1.0011123862981148	0.0010270243064972962
58054.6250786	0.9987068110390658	0.0010270243064972962
58054.6286549	0.9975259312859793	0.0010270243064972962
58054.6322312	0.9987509797243832	0.0010270243064972962
58054.6358077	0.9971178539519593	0.0010270243064972962
58054.6393842	0.9972209140742161	0.0010270243064972962
58054.6429605	0.99908266002531	0.0010270243064972962
58054.6465368	0.9984489948721845	0.0010270243064972962
58054.6841179	0.9985300123667771	0.0010270243064972962
58054.6876942	0.9986065225700722	0.0010270243064972962
58054.6912707	0.9972846625368021	0.0010270243064972962
58054.6948471	0.9977784907951548	0.0010270243064972962
58054.6984234	0.9962591544222275	0.0010270243064972962
58054.7019997	0.9958065056575126	0.0010270243064972962
58054.7055762	0.9967168123479252	0.0010270243064972962
58054.7091527	0.997044042011958	0.0010270243064972962
58054.712729	0.9963525162683079	0.0010270243064972962
58054.7503216	0.9949205616714349	0.0010270243064972962
58054.7538979	0.9963651012192745	0.0010270243064972962
58054.7574744	0.9959011371682001	0.0010270243064972962
58054.7610508	0.9952963619085782	0.0010270243064972962
58054.7646271	0.9951839750379841	0.0010270243064972962
58054.7682034	0.9954092022568695	0.0010270243064972962
58054.7717799	0.9975675144372987	0.0010270243064972962
58054.7753564	0.9955043135047547	0.0010270243064972962
58054.7789327	0.9944182524637162	0.0010270243064972962
58054.8165368	0.9936475927860587	0.0010270243064972962
58054.8201132	0.9972758160793403	0.0010270243064972962
58054.8236897	0.9970456316014429	0.0010270243064972962
58054.827266	0.9951099063668875	0.0010270243064972962
58054.8308423	0.9959195945994174	0.0010270243064972962
58054.8344188	0.9959903482624415	0.0010270243064972962
58054.8379953	0.9951604033542908	0.0010270243064972962
58054.8415716	0.9958257446572908	0.0010270243064972962
58054.8451479	0.9925697273773524	0.0010270243064972962
58054.8827405	0.9958604933302104	0.0010270243064972962
58054.8863169	0.9950641110082972	0.0010270243064972962
58054.8898934	0.9961523874918647	0.0010270243064972962
58054.8934697	0.9950496145118736	0.0010270243064972962
58054.897046	0.9947650770450657	0.0010270243064972962
58054.9006225	0.9973292227662031	0.0010270243064972962
58054.904199	0.9944287498254852	0.0010270243064972962
58054.9077753	0.9974856720923927	0.0010270243064972962
58054.9113516	0.9942928015083742	0.0010270243064972962
58054.9489442	0.9962254355088757	0.0010270243064972962
58054.9525207	0.996827721845007	0.0010270243064972962
58054.9560971	0.996355373396089	0.0010270243064972962
58054.9596734	0.9942077345721596	0.0010270243064972962
58054.9632497	0.9954404710295832	0.0010270243064972962
58054.9668262	0.9951572253898647	0.0010270243064972962
58054.9704027	0.992024701945065	0.0010270243064972962
58054.973979	0.9942477307157976	0.0010270243064972962
58054.9775553	0.9953488126451091	0.0010270243064972962
58055.0151479	0.9957386238078794	0.0010270243064972962
58055.0187244	0.9959643728464294	0.0010270243064972962
58055.0223008	0.9945413249944626	0.0010270243064972962
58055.0258771	0.9950992020967104	0.0010270243064972962
58055.0294534	0.9948930135348646	0.0010270243064972962
58055.0330299	0.9958985019909853	0.0010270243064972962
58055.0366064	0.9955549223366701	0.0010270243064972962
58055.0401827	0.9954483778755026	0.0010270243064972962
58055.0813516	0.9944295860259273	0.0010270243064972962
58055.0849281	0.9948291850679576	0.0010270243064972962
58055.0885045	0.9972209761099922	0.0010270243064972962
58055.0920808	0.9979909098830139	0.0010270243064972962
58055.0956571	0.9961791102278569	0.0010270243064972962
58055.0992336	0.9931840223331426	0.0010270243064972962
58055.1028101	0.995234830320029	0.0010270243064972962
58055.1063864	0.994478038928994	0.0010270243064972962
58055.1475553	0.9971069986011257	0.0010270243064972962
58055.1511318	0.9945924789932338	0.0010270243064972962
58055.1547082	0.9964122819311664	0.0010270243064972962
58055.1582845	0.9966900060424416	0.0010270243064972962
58055.1618608	0.9968884507357357	0.0010270243064972962
58055.1654373	0.9942057293978545	0.0010270243064972962
58055.1690138	0.9946309320079614	0.0010270243064972962
58055.1725901	0.9945580629229959	0.0010270243064972962
58055.2235275	0.9941355229955091	0.0010270243064972962
58055.227104	0.9949827541862476	0.0010270243064972962
58055.2306805	0.9945751778844014	0.0010270243064972962
58055.2342568	0.9952588246595837	0.0010270243064972962
58055.2378331	0.9955660902304283	0.0010270243064972962
58055.2414095	0.995514875011729	0.0010270243064972962
58055.244986	0.9953787096764852	0.0010270243064972962
58055.2799627	0.9954944106069405	0.0010270243064972962
58055.2835392	0.9967685556576009	0.0010270243064972962
58055.2871157	0.9978892063830724	0.0010270243064972962
58055.290692	0.9935234011664025	0.0010270243064972962
58055.2942682	0.9970642129125306	0.0010270243064972962
58055.2978447	0.9966210007791889	0.0010270243064972962
58055.3014212	0.9964709687267441	0.0010270243064972962
58055.3049975	0.9976557224635578	0.0010270243064972962
58055.308574	0.9955518409363755	0.0010270243064972962
58055.3461781	0.9982123857418516	0.0010270243064972962
58055.3497545	0.9948241831940462	0.0010270243064972962
58055.3533308	0.9976897517806202	0.0010270243064972962
58055.3569073	0.9981706121589725	0.0010270243064972962
58055.3604836	0.9966241614292283	0.0010270243064972962
58055.3640601	0.9972563698276394	0.0010270243064972962
58055.3676364	0.9966336177520077	0.0010270243064972962
58055.3712129	0.9967992512389962	0.0010270243064972962
58055.3747892	0.9970790251649191	0.0010270243064972962
58055.4123818	0.9980923172402713	0.0010270243064972962
58055.4159582	0.9968750842324802	0.0010270243064972962
58055.4195345	1.0012723827564798	0.0010270243064972962
58055.423111	0.997189902605507	0.0010270243064972962
58055.4266873	1.0000788693072957	0.0010270243064972962
58055.4302638	0.9994730063161446	0.0010270243064972962
58055.4338401	0.9989370706942728	0.0010270243064972962
58055.4374164	0.9991046622414012	0.0010270243064972962
58055.4409929	0.9996950922495976	0.0010270243064972962
58055.4785855	1.001634814224011	0.0010270243064972962
58055.4821619	1.0007970690470778	0.0010270243064972962
58055.4857382	1.0004969517874032	0.0010270243064972962
58055.4893145	0.9993315585647327	0.0010270243064972962
58055.492891	0.9992093609748108	0.0010270243064972962
58055.4964675	1.000817279104266	0.0010270243064972962
58055.5000438	0.9992389536125356	0.0010270243064972962
58055.5036201	1.0009666644972688	0.0010270243064972962
58055.5071966	1.0002285001842421	0.0010270243064972962
58055.5447892	0.9990488114995618	0.0010270243064972962
58055.5483657	1.0005259680722296	0.0010270243064972962
58055.5519419	1.0004242929010978	0.0010270243064972962
58055.5555182	1.000242875966176	0.0010270243064972962
58055.5590947	1.0012114794582827	0.0010270243064972962
58055.5626712	1.0001014897725538	0.0010270243064972962
58055.5662475	0.998412203307547	0.0010270243064972962
58055.569824	0.9989553435326929	0.0010270243064972962
58055.5734003	0.9998902854466617	0.0010270243064972962
58055.6109927	1.0002237336536128	0.0010270243064972962
58055.6145694	0.9997360894079126	0.0010270243064972962
58055.6181457	1.000435864045242	0.0010270243064972962
58055.6217219	1.0004893754700688	0.0010270243064972962
58055.6252982	0.9980393068938633	0.0010270243064972962
58055.6288749	1.0002894695470939	0.0010270243064972962
58055.6324512	1.0011689501526513	0.0010270243064972962
58055.6360275	1.0005649194956683	0.0010270243064972962
58055.6396038	0.9996840097971875	0.0010270243064972962
58055.6771964	0.997677246080498	0.0010270243064972962
58055.6807731	0.999747809701083	0.0010270243064972962
58055.6843494	0.9993230365406812	0.0010270243064972962
58055.6879257	0.9996593146129238	0.0010270243064972962
58055.691502	1.001190758505377	0.0010270243064972962
58055.6950786	0.9997033798779723	0.0010270243064972962
58055.6986549	0.9992663695461355	0.0010270243064972962
58055.7022312	1.0005143167518336	0.0010270243064972962
58055.7058075	0.9996605274069912	0.0010270243064972962
58055.7434001	0.9984094523313216	0.0010270243064972962
58055.7469768	0.9993799018569945	0.0010270243064972962
58055.7505531	0.999625684962927	0.0010270243064972962
58055.7541294	0.9993888631411981	0.0010270243064972962
58055.7577057	0.999346330615141	0.0010270243064972962
58055.7612823	1.0017742287904394	0.0010270243064972962
58055.7648586	1.000497293872606	0.0010270243064972962
58055.7684349	0.9992318633109515	0.0010270243064972962
58055.7720112	0.9997347867764661	0.0010270243064972962
58055.8096038	1.002109685093437	0.0010270243064972962
58055.8131805	0.9993558484873776	0.0010270243064972962
58055.8167568	0.9986887039940843	0.0010270243064972962
58055.8203332	1.0032677083577994	0.0010270243064972962
58055.8239095	1.0009720251864676	0.0010270243064972962
58055.827486	0.999096644956195	0.0010270243064972962
58055.8310623	0.9990628942825375	0.0010270243064972962
58055.8346386	0.9992223709654876	0.0010270243064972962
58055.8382151	0.9995215342944443	0.0010270243064972962
58055.8758194	1.000448641836178	0.0010270243064972962
58055.8793957	0.9998985102274464	0.0010270243064972962
58055.8829719	1.0005906042550743	0.0010270243064972962
58055.8865482	1.00124889025799	0.0010270243064972962
58055.8901249	1.0003379717833514	0.0010270243064972962
58055.8937012	1.0001668193426805	0.0010270243064972962
58055.8972775	1.0010773765256595	0.0010270243064972962
58055.9008538	1.000741927128026	0.0010270243064972962
58055.9044305	1.0006700012440013	0.0010270243064972962
58055.9420231	1.0012658000079102	0.0010270243064972962
58055.9455994	0.9995878328414789	0.0010270243064972962
58055.9491757	0.998700039044479	0.0010270243064972962
58055.9527519	0.99943332180985	0.0010270243064972962
58055.9563286	1.001197702596533	0.0010270243064972962
58055.9599049	1.001258975532688	0.0010270243064972962
58055.9634812	1.0005308310330705	0.0010270243064972962
58055.9670575	0.9993060324733399	0.0010270243064972962
58055.9706342	1.0009836393844362	0.0010270243064972962