58054.3530994	0.9946355976191387	0.0015971632640933318
58054.3566757	0.9944933202123276	0.0015971632640933318
58054.3602519	0.9922621033042709	0.0015971632640933318
58054.3638286	0.9949915486018128	0.0015971632640933318
58054.3674049	0.9930438998273378	0.0015971632640933318
58054.3709812	0.995288567872661	0.0015971632640933318
58054.3745577	0.9975350344958264	0.0015971632640933318
58054.3781342	0.9949954541844991	0.0015971632640933318
58054.3817105	0.9934376870866115	0.0015971632640933318
58054.4193145	0.9982678212424816	0.0015971632640933318
58054.422891	0.9968608749124105	0.0015971632640933318
58054.4264675	0.9978713544135774	0.0015971632640933318
58054.4300438	0.9980504431448134	0.0015971632640933318
58054.4336201	0.9967781823713295	0.0015971632640933318
58054.4371966	0.9987511271559212	0.0015971632640933318
58054.4407731	0.994738711359635	0.0015971632640933318
58054.4443494	0.9953725483765378	0.0015971632640933318
58054.4479257	0.9939673479350459	0.0015971632640933318
58054.4855068	0.9981468365203233	0.0015971632640933318
58054.4890831	0.9948360032300001	0.0015971632640933318
58054.4926595	0.999861199847274	0.0015971632640933318
58054.496236	1.0005852668175876	0.0015971632640933318
58054.4998123	0.9981739900750858	0.0015971632640933318
58054.5033886	0.9984543516831966	0.0015971632640933318
58054.5069651	0.998678299055152	0.0015971632640933318
58054.5105416	0.9968654328361308	0.0015971632640933318
58054.5141179	0.9987295659218156	0.0015971632640933318
58054.5517105	1.000246085697282	0.0015971632640933318
58054.5552868	1.0007974621233846	0.0015971632640933318
58054.5588632	1.000591283806329	0.0015971632640933318
58054.5624397	0.999290505499793	0.0015971632640933318
58054.566016	0.998267853344485	0.0015971632640933318
58054.5695923	0.9988274097750182	0.0015971632640933318
58054.5731688	0.9986253198265646	0.0015971632640933318
58054.5767453	0.9996455943358961	0.0015971632640933318
58054.5803216	0.9996721139723219	0.0015971632640933318
58054.6179257	1.0025434155964386	0.0015971632640933318
58054.6215021	0.999867840852116	0.0015971632640933318
58054.6250786	0.9986897983029666	0.0015971632640933318
58054.6286549	1.0017533505536387	0.0015971632640933318
58054.6322312	1.0014532896529746	0.0015971632640933318
58054.6358077	0.9983430571221797	0.0015971632640933318
58054.6393842	1.0011112721519164	0.0015971632640933318
58054.6429605	1.002423217104798	0.0015971632640933318
58054.6465368	0.9993868579627828	0.0015971632640933318
58054.6841179	1.0008274750869397	0.0015971632640933318
58054.6876942	1.0006288471177418	0.0015971632640933318
58054.6912707	1.0001504536193437	0.0015971632640933318
58054.6948471	0.9973018943008514	0.0015971632640933318
58054.6984234	0.9979505157097497	0.0015971632640933318
58054.7019997	0.9976146601794277	0.0015971632640933318
58054.7055762	0.99674227230555	0.0015971632640933318
58054.7091527	0.9947988557372958	0.0015971632640933318
58054.712729	0.9972175713683828	0.0015971632640933318
58054.7503216	0.9973727924015955	0.0015971632640933318
58054.7538979	0.9981352115012344	0.0015971632640933318
58054.7574744	0.9954567556583417	0.0015971632640933318
58054.7610508	0.996056368764391	0.0015971632640933318
58054.7646271	0.9978922103909917	0.0015971632640933318
58054.7682034	0.9978704888952887	0.0015971632640933318
58054.7717799	0.9937071804034416	0.0015971632640933318
58054.7753564	0.9963137259173362	0.0015971632640933318
58054.7789327	1.0009148295349302	0.0015971632640933318
58054.8165368	0.9960748868517451	0.0015971632640933318
58054.8201132	0.998356210606837	0.0015971632640933318
58054.8236897	0.9976545086246615	0.0015971632640933318
58054.827266	0.9994569220877407	0.0015971632640933318
58054.8308423	0.9995240219148422	0.0015971632640933318
58054.8344188	0.9967309903149649	0.0015971632640933318
58054.8379953	1.0001344952794968	0.0015971632640933318
58054.8415716	1.0023521234410777	0.0015971632640933318
58054.8451479	0.9989832955124225	0.0015971632640933318
58054.8827405	1.0003889078048398	0.0015971632640933318
58054.8863169	0.9980079920116092	0.0015971632640933318
58054.8898934	0.9993355508728794	0.0015971632640933318
58054.8934697	0.9980895578048026	0.0015971632640933318
58054.897046	1.0000457070447217	0.0015971632640933318
58054.9006225	1.0025585917558297	0.0015971632640933318
58054.904199	0.9997943334208894	0.0015971632640933318
58054.9077753	0.9985060152406341	0.0015971632640933318
58054.9113516	1.0012901793748503	0.0015971632640933318
58054.9489442	1.0016458010725633	0.0015971632640933318
58054.9525207	1.0043371854907506	0.0015971632640933318
58054.9560971	1.0007464082167186	0.0015971632640933318
58054.9596734	0.9994732861307966	0.0015971632640933318
58054.9632497	1.0044898912190483	0.0015971632640933318
58054.9668262	1.002261448985064	0.0015971632640933318
58054.9704027	0.999701606698329	0.0015971632640933318
58054.973979	0.9998646802645225	0.0015971632640933318
58054.9775553	1.0021987766745606	0.0015971632640933318
58055.0151479	1.002644004446037	0.0015971632640933318
58055.0187244	1.0037051633230676	0.0015971632640933318
58055.0223008	1.0039033108446076	0.0015971632640933318
58055.0258771	1.0021657370862669	0.0015971632640933318
58055.0294534	1.0010349171862076	0.0015971632640933318
58055.0330299	1.0008823421317468	0.0015971632640933318
58055.0366064	1.0028449213382966	0.0015971632640933318
58055.0401827	1.0012554015142736	0.0015971632640933318
58055.0813516	1.0009188014226493	0.0015971632640933318
58055.0849281	1.0024597606846288	0.0015971632640933318
58055.0885045	1.0006728349445628	0.0015971632640933318
58055.0920808	1.002565618128812	0.0015971632640933318
58055.0956571	1.0027639421612906	0.0015971632640933318
58055.0992336	1.0023188089834045	0.0015971632640933318
58055.1028101	1.001059433385931	0.0015971632640933318
58055.1063864	1.0026042654208296	0.0015971632640933318
58055.1475553	1.0024616697817426	0.0015971632640933318
58055.1511318	1.005189093281328	0.0015971632640933318
58055.1547082	1.007380935117506	0.0015971632640933318
58055.1582845	1.0041100904528975	0.0015971632640933318
58055.1618608	1.0041629963037007	0.0015971632640933318
58055.1654373	1.0044376832155903	0.0015971632640933318
58055.1690138	1.0038950687590036	0.0015971632640933318
58055.1725901	1.0040589510122355	0.0015971632640933318
58055.2235275	0.9951103163958727	0.0015971632640933318
58055.227104	0.9964658193965061	0.0015971632640933318
58055.2306805	0.9961015037888787	0.0015971632640933318
58055.2342568	0.9975348407580265	0.0015971632640933318
58055.2378331	0.9975355101222884	0.0015971632640933318
58055.2414095	0.9978595845460421	0.0015971632640933318
58055.244986	0.9964298132134266	0.0015971632640933318
58055.2799627	0.9961933829210722	0.0015971632640933318
58055.2835392	0.9987073133556376	0.0015971632640933318
58055.2871157	0.9981826517630814	0.0015971632640933318
58055.290692	0.9981035434001149	0.0015971632640933318
58055.2942682	0.9953455713592397	0.0015971632640933318
58055.2978447	0.9979277065082304	0.0015971632640933318
58055.3014212	0.994869564430821	0.0015971632640933318
58055.3049975	0.9974129616706942	0.0015971632640933318
58055.308574	0.9960932728147528	0.0015971632640933318
58055.3461781	0.9976225431050053	0.0015971632640933318
58055.3497545	0.9950473317069946	0.0015971632640933318
58055.3533308	0.9962406452549037	0.0015971632640933318
58055.3569073	0.9974423927740147	0.0015971632640933318
58055.3604836	0.9976402902511744	0.0015971632640933318
58055.3640601	0.9996968283721129	0.0015971632640933318
58055.3676364	0.9982853480814152	0.0015971632640933318
58055.3712129	0.9969625903899176	0.0015971632640933318
58055.3747892	1.0004022757027404	0.0015971632640933318
58055.4123818	0.9968572469930259	0.0015971632640933318
58055.4159582	0.99917830367673	0.0015971632640933318
58055.4195345	0.9975434895363956	0.0015971632640933318
58055.423111	0.9983875771802562	0.0015971632640933318
58055.4266873	0.9968701470699084	0.0015971632640933318
58055.4302638	1.0004742754031384	0.0015971632640933318
58055.4338401	0.9994803267191287	0.0015971632640933318
58055.4374164	1.000066505812667	0.0015971632640933318
58055.4409929	0.9991810435676141	0.0015971632640933318
58055.4785855	0.9993075014545474	0.0015971632640933318
58055.4821619	1.0026478304982982	0.0015971632640933318
58055.4857382	1.0024117916081765	0.0015971632640933318
58055.4893145	1.0017773890606698	0.0015971632640933318
58055.492891	1.0013362828496848	0.0015971632640933318
58055.4964675	1.0012856754766513	0.0015971632640933318
58055.5000438	0.9995833580057795	0.0015971632640933318
58055.5036201	1.0000830175170299	0.0015971632640933318
58055.5071966	0.9998855231679282	0.0015971632640933318
58055.5447892	1.0009640288026151	0.0015971632640933318
58055.5483657	0.9996778753720084	0.0015971632640933318
58055.5519419	1.0021854410496667	0.0015971632640933318
58055.5555182	1.0002261979213412	0.0015971632640933318
58055.5590947	0.9993576801736909	0.0015971632640933318
58055.5626712	1.0018969431778295	0.0015971632640933318
58055.5662475	1.0050933587350201	0.0015971632640933318
58055.569824	0.9999502990670015	0.0015971632640933318
58055.5734003	1.0018104873821234	0.0015971632640933318
58055.6109927	1.001060014700329	0.0015971632640933318
58055.6145694	0.9958665176626003	0.0015971632640933318
58055.6181457	1.000404951385332	0.0015971632640933318
58055.6217219	0.999625961114067	0.0015971632640933318
58055.6252982	0.9999738802666495	0.0015971632640933318
58055.6288749	0.9980324495348168	0.0015971632640933318
58055.6324512	1.0030958646879888	0.0015971632640933318
58055.6360275	0.9991153124141897	0.0015971632640933318
58055.6396038	1.0000964214814014	0.0015971632640933318
58055.6771964	0.9997763584290701	0.0015971632640933318
58055.6807731	0.9970397642290181	0.0015971632640933318
58055.6843494	0.9995095578165714	0.0015971632640933318
58055.6879257	1.0001585309245669	0.0015971632640933318
58055.691502	0.9991321170579435	0.0015971632640933318
58055.6950786	1.000684896464837	0.0015971632640933318
58055.6986549	0.9957060118229818	0.0015971632640933318
58055.7022312	1.000910528981201	0.0015971632640933318
58055.7058075	0.9981691078579116	0.0015971632640933318
58055.7434001	1.003343150960514	0.0015971632640933318
58055.7469768	1.0005761903339636	0.0015971632640933318
58055.7505531	0.9963224718019401	0.0015971632640933318
58055.7541294	0.9991440855855943	0.0015971632640933318
58055.7577057	1.0000261197333504	0.0015971632640933318
58055.7612823	0.9977543435948932	0.0015971632640933318
58055.7648586	0.9996101978628147	0.0015971632640933318
58055.7684349	1.002234164119439	0.0015971632640933318
58055.7720112	0.9987279743219478	0.0015971632640933318
58055.8096038	0.9988303162786633	0.0015971632640933318
58055.8131805	0.9989905370018817	0.0015971632640933318
58055.8167568	0.9987750203589331	0.0015971632640933318
58055.8203332	0.9995401880350656	0.0015971632640933318
58055.8239095	1.0011653578212674	0.0015971632640933318
58055.827486	0.9979566966126813	0.0015971632640933318
58055.8310623	1.0006420590958829	0.0015971632640933318
58055.8346386	0.9968294652829369	0.0015971632640933318
58055.8382151	0.9967738354452284	0.0015971632640933318
58055.8758194	0.999786000090163	0.0015971632640933318
58055.8793957	1.0013297289473824	0.0015971632640933318
58055.8829719	1.0014496658471694	0.0015971632640933318
58055.8865482	1.001324574950265	0.0015971632640933318
58055.8901249	0.9982162911294689	0.0015971632640933318
58055.8937012	1.0000314851448797	0.0015971632640933318
58055.8972775	1.0019584289084003	0.0015971632640933318
58055.9008538	1.0035237891360145	0.0015971632640933318
58055.9044305	0.9977307892965249	0.0015971632640933318
58055.9420231	1.002970545669166	0.0015971632640933318
58055.9455994	1.0019718833270637	0.0015971632640933318
58055.9491757	0.9988799383320165	0.0015971632640933318
58055.9527519	1.0006527224614952	0.0015971632640933318
58055.9563286	1.0058379486741527	0.0015971632640933318
58055.9599049	1.0018198121760051	0.0015971632640933318
58055.9634812	1.0022456668014483	0.0015971632640933318
58055.9670575	0.9999536766554444	0.0015971632640933318
58055.9706342	1.0055925043596394	0.0015971632640933318