58054.3530994	1.0002095770878103	0.0010745948789615877
58054.3566757	1.0000275007594825	0.0010745948789615877
58054.3602519	1.0008214417286112	0.0010745948789615877
58054.3638286	0.9981531905601919	0.0010745948789615877
58054.3674049	0.9999784609097918	0.0010745948789615877
58054.3709812	0.9969165506276159	0.0010745948789615877
58054.3745577	0.9997607794857014	0.0010745948789615877
58054.3781342	1.000070959271504	0.0010745948789615877
58054.3817105	0.9999950675804785	0.0010745948789615877
58054.4193145	0.9985665046030392	0.0010745948789615877
58054.422891	1.0010410545602653	0.0010745948789615877
58054.4264675	0.9998553214975009	0.0010745948789615877
58054.4300438	0.9989291815438943	0.0010745948789615877
58054.4336201	0.998934515405579	0.0010745948789615877
58054.4371966	0.9984094022100387	0.0010745948789615877
58054.4407731	0.9983916247331814	0.0010745948789615877
58054.4443494	0.9996564990495808	0.0010745948789615877
58054.4479257	0.9980260480749724	0.0010745948789615877
58054.4855068	0.9989266528713351	0.0010745948789615877
58054.4890831	0.9964443689438786	0.0010745948789615877
58054.4926595	0.9989678628893599	0.0010745948789615877
58054.496236	1.00149033554567	0.0010745948789615877
58054.4998123	0.9991308036265821	0.0010745948789615877
58054.5033886	1.00114938123604	0.0010745948789615877
58054.5069651	0.9993346187032154	0.0010745948789615877
58054.5105416	0.997706432075794	0.0010745948789615877
58054.5141179	0.9982161296811964	0.0010745948789615877
58054.5517105	0.9988305375465919	0.0010745948789615877
58054.5552868	0.9998749392000564	0.0010745948789615877
58054.5588632	1.0000164233275104	0.0010745948789615877
58054.5624397	0.9993226739509445	0.0010745948789615877
58054.566016	1.000597661595666	0.0010745948789615877
58054.5695923	1.000032443273026	0.0010745948789615877
58054.5731688	0.998662046537309	0.0010745948789615877
58054.5767453	0.9982216038089986	0.0010745948789615877
58054.5803216	1.002144558697831	0.0010745948789615877
58054.6179257	0.999373684371704	0.0010745948789615877
58054.6215021	0.9996025130299127	0.0010745948789615877
58054.6250786	0.998892030158706	0.0010745948789615877
58054.6286549	0.9994523399025544	0.0010745948789615877
58054.6322312	0.9980315065099579	0.0010745948789615877
58054.6358077	0.9986358373004839	0.0010745948789615877
58054.6393842	0.9984352913533844	0.0010745948789615877
58054.6429605	1.0002938438888604	0.0010745948789615877
58054.6465368	0.9992608375140981	0.0010745948789615877
58054.6841179	0.9994866026443415	0.0010745948789615877
58054.6876942	0.9972205766299528	0.0010745948789615877
58054.6912707	0.9962085735025307	0.0010745948789615877
58054.6948471	0.9963536422445292	0.0010745948789615877
58054.6984234	0.997261417619771	0.0010745948789615877
58054.7019997	0.995270596742798	0.0010745948789615877
58054.7055762	0.9949040535803797	0.0010745948789615877
58054.7091527	0.9940016392103728	0.0010745948789615877
58054.712729	0.9958934118643191	0.0010745948789615877
58054.7503216	0.996782242046444	0.0010745948789615877
58054.7538979	0.9962786690310278	0.0010745948789615877
58054.7574744	0.9956790101413818	0.0010745948789615877
58054.7610508	0.9954350339994539	0.0010745948789615877
58054.7646271	0.9978754148323901	0.0010745948789615877
58054.7682034	0.9966887408133132	0.0010745948789615877
58054.7717799	0.9961373122071515	0.0010745948789615877
58054.7753564	0.9949358315777398	0.0010745948789615877
58054.7789327	0.9955514708183282	0.0010745948789615877
58054.8165368	0.9958396134443309	0.0010745948789615877
58054.8201132	0.9970358524770172	0.0010745948789615877
58054.8236897	0.9947742187037228	0.0010745948789615877
58054.827266	0.9974081063791125	0.0010745948789615877
58054.8308423	0.9940368032238457	0.0010745948789615877
58054.8344188	0.9955070987075461	0.0010745948789615877
58054.8379953	0.9963219086251355	0.0010745948789615877
58054.8415716	0.9953874533418173	0.0010745948789615877
58054.8451479	0.9942630480662872	0.0010745948789615877
58054.8827405	0.9954692412624527	0.0010745948789615877
58054.8863169	0.9952963982004266	0.0010745948789615877
58054.8898934	0.9957433590972694	0.0010745948789615877
58054.8934697	0.9933223561598931	0.0010745948789615877
58054.897046	0.99518467781532	0.0010745948789615877
58054.9006225	0.9941386351780145	0.0010745948789615877
58054.904199	0.9946984432379875	0.0010745948789615877
58054.9077753	0.9951795954981256	0.0010745948789615877
58054.9113516	0.9931544890096113	0.0010745948789615877
58054.9489442	0.9955111009514668	0.0010745948789615877
58054.9525207	0.9947226087351015	0.0010745948789615877
58054.9560971	0.9937634352124102	0.0010745948789615877
58054.9596734	0.9945835884818194	0.0010745948789615877
58054.9632497	0.9936897857177213	0.0010745948789615877
58054.9668262	0.9968212933138074	0.0010745948789615877
58054.9704027	0.9937359025434467	0.0010745948789615877
58054.973979	0.997598666704345	0.0010745948789615877
58054.9775553	0.9969489098748114	0.0010745948789615877
58055.0151479	0.9946163298550069	0.0010745948789615877
58055.0187244	0.9961560842035625	0.0010745948789615877
58055.0223008	0.9963088258110068	0.0010745948789615877
58055.0258771	0.9941610603984179	0.0010745948789615877
58055.0294534	0.9946348150344707	0.0010745948789615877
58055.0330299	0.9936270464353181	0.0010745948789615877
58055.0366064	0.9947787475243989	0.0010745948789615877
58055.0401827	0.9947601310097636	0.0010745948789615877
58055.0813516	0.993977321773045	0.0010745948789615877
58055.0849281	0.9937989304653877	0.0010745948789615877
58055.0885045	0.9937226156667333	0.0010745948789615877
58055.0920808	0.9942022771919224	0.0010745948789615877
58055.0956571	0.9956702278843856	0.0010745948789615877
58055.0992336	0.9950503858516445	0.0010745948789615877
58055.1028101	0.9958464144913416	0.0010745948789615877
58055.1063864	0.9953456231690285	0.0010745948789615877
58055.1475553	0.9946954326540933	0.0010745948789615877
58055.1511318	0.9926778282733775	0.0010745948789615877
58055.1547082	0.9941149078288571	0.0010745948789615877
58055.1582845	0.9954155049917133	0.0010745948789615877
58055.1618608	0.9957621753590058	0.0010745948789615877
58055.1654373	0.9939093528417589	0.0010745948789615877
58055.1690138	0.9946725985793592	0.0010745948789615877
58055.1725901	0.9938096905438765	0.0010745948789615877
58055.2235275	0.9957865991855361	0.0010745948789615877
58055.227104	0.9947715312887885	0.0010745948789615877
58055.2306805	0.9956510084985005	0.0010745948789615877
58055.2342568	0.9955304470557208	0.0010745948789615877
58055.2378331	0.9956599013394558	0.0010745948789615877
58055.2414095	0.9948977948144951	0.0010745948789615877
58055.244986	0.9947949830336882	0.0010745948789615877
58055.2799627	0.997501878071095	0.0010745948789615877
58055.2835392	0.9952679492860291	0.0010745948789615877
58055.2871157	0.9945154090691802	0.0010745948789615877
58055.290692	0.9973986665209638	0.0010745948789615877
58055.2942682	0.9964459234850275	0.0010745948789615877
58055.2978447	0.9947247611086101	0.0010745948789615877
58055.3014212	0.9958512054735141	0.0010745948789615877
58055.3049975	0.997360051177379	0.0010745948789615877
58055.308574	0.9990752873551343	0.0010745948789615877
58055.3461781	0.9952778683275637	0.0010745948789615877
58055.3497545	0.9972106201090055	0.0010745948789615877
58055.3533308	0.9955258034210834	0.0010745948789615877
58055.3569073	0.9965630485148772	0.0010745948789615877
58055.3604836	0.9958731183639371	0.0010745948789615877
58055.3640601	0.9974845421073745	0.0010745948789615877
58055.3676364	0.9968568137312487	0.0010745948789615877
58055.3712129	0.9972448883098547	0.0010745948789615877
58055.3747892	0.9956329837274548	0.0010745948789615877
58055.4123818	0.9983816639461901	0.0010745948789615877
58055.4159582	0.9965237421956333	0.0010745948789615877
58055.4195345	0.9992104745847229	0.0010745948789615877
58055.423111	0.9983447085982334	0.0010745948789615877
58055.4266873	0.9966875048428573	0.0010745948789615877
58055.4302638	0.9968131707794928	0.0010745948789615877
58055.4338401	0.9981793221780044	0.0010745948789615877
58055.4374164	0.9993797406310164	0.0010745948789615877
58055.4409929	1.001506228950838	0.0010745948789615877
58055.4785855	0.9997326779925482	0.0010745948789615877
58055.4821619	0.9988504990670485	0.0010745948789615877
58055.4857382	1.0003778821768854	0.0010745948789615877
58055.4893145	0.9988054812342012	0.0010745948789615877
58055.492891	1.0000075029423652	0.0010745948789615877
58055.4964675	0.9991126223165444	0.0010745948789615877
58055.5000438	1.0002703077021453	0.0010745948789615877
58055.5036201	0.9985528030261256	0.0010745948789615877
58055.5071966	1.000385081175405	0.0010745948789615877
58055.5447892	0.9993760534115462	0.0010745948789615877
58055.5483657	1.0021113960850787	0.0010745948789615877
58055.5519419	0.9995644491066522	0.0010745948789615877
58055.5555182	1.000674717365471	0.0010745948789615877
58055.5590947	0.9995177183066531	0.0010745948789615877
58055.5626712	1.0003256061193546	0.0010745948789615877
58055.5662475	0.9999849428890251	0.0010745948789615877
58055.569824	0.9993493774948111	0.0010745948789615877
58055.5734003	1.000127425601444	0.0010745948789615877
58055.6109927	1.0003098156679329	0.0010745948789615877
58055.6145694	0.9987249031596147	0.0010745948789615877
58055.6181457	1.0008537435177247	0.0010745948789615877
58055.6217219	1.0005920384058518	0.0010745948789615877
58055.6252982	0.9982827440723726	0.0010745948789615877
58055.6288749	0.9995298976524176	0.0010745948789615877
58055.6324512	1.0016548741329228	0.0010745948789615877
58055.6360275	0.999357978788932	0.0010745948789615877
58055.6396038	1.0023799858028548	0.0010745948789615877
58055.6771964	0.9974637858436487	0.0010745948789615877
58055.6807731	0.9999769434637752	0.0010745948789615877
58055.6843494	1.0009950506818386	0.0010745948789615877
58055.6879257	1.0005631544771272	0.0010745948789615877
58055.691502	1.0008798951870623	0.0010745948789615877
58055.6950786	1.0011655006462679	0.0010745948789615877
58055.6986549	1.000105597462964	0.0010745948789615877
58055.7022312	0.9997875281839366	0.0010745948789615877
58055.7058075	0.9996537158090743	0.0010745948789615877
58055.7434001	1.0015256120779572	0.0010745948789615877
58055.7469768	0.9991230102605458	0.0010745948789615877
58055.7505531	0.9982057958868015	0.0010745948789615877
58055.7541294	1.0001425758881524	0.0010745948789615877
58055.7577057	0.9995672268324931	0.0010745948789615877
58055.7612823	0.9996472577304799	0.0010745948789615877
58055.7648586	1.0000150571109747	0.0010745948789615877
58055.7684349	1.0005330163081045	0.0010745948789615877
58055.7720112	1.003119337371175	0.0010745948789615877
58055.8096038	0.999671105538939	0.0010745948789615877
58055.8131805	0.9979439234592349	0.0010745948789615877
58055.8167568	1.0026635828612673	0.0010745948789615877
58055.8203332	1.0012647496426679	0.0010745948789615877
58055.8239095	1.0041309525997064	0.0010745948789615877
58055.827486	0.9986633224297753	0.0010745948789615877
58055.8310623	1.0002722442883516	0.0010745948789615877
58055.8346386	0.9991357455821183	0.0010745948789615877
58055.8382151	1.0009715208968828	0.0010745948789615877
58055.8758194	1.0007975945521863	0.0010745948789615877
58055.8793957	0.9985969267913399	0.0010745948789615877
58055.8829719	0.9999777531925924	0.0010745948789615877
58055.8865482	0.9989519018673014	0.0010745948789615877
58055.8901249	0.9990544007351077	0.0010745948789615877
58055.8937012	1.00091061441824	0.0010745948789615877
58055.8972775	0.999273544645843	0.0010745948789615877
58055.9008538	1.000210605942001	0.0010745948789615877
58055.9044305	0.9990377293884712	0.0010745948789615877
58055.9420231	1.000769895038081	0.0010745948789615877
58055.9455994	1.0008546659859259	0.0010745948789615877
58055.9491757	0.9998233349387381	0.0010745948789615877
58055.9527519	0.999391114466891	0.0010745948789615877
58055.9563286	1.0001667156592533	0.0010745948789615877
58055.9599049	1.0008405028146423	0.0010745948789615877
58055.9634812	0.9993408364552885	0.0010745948789615877
58055.9670575	0.9994733241273895	0.0010745948789615877
58055.9706342	0.9995651636411099	0.0010745948789615877