58054.3530994	0.997851796336969	0.0012105962569700056
58054.3566757	0.9977264889720611	0.0012105962569700056
58054.3602519	0.9959114867995573	0.0012105962569700056
58054.3638286	0.9975946349336693	0.0012105962569700056
58054.3674049	0.9985406521915793	0.0012105962569700056
58054.3709812	0.9988322930020662	0.0012105962569700056
58054.3745577	0.9994343327994214	0.0012105962569700056
58054.3781342	0.9988592812461823	0.0012105962569700056
58054.3817105	0.9975568008275264	0.0012105962569700056
58054.4193145	1.0002932549443808	0.0012105962569700056
58054.422891	0.9986965730483207	0.0012105962569700056
58054.4264675	0.9990702942809019	0.0012105962569700056
58054.4300438	1.000608974748589	0.0012105962569700056
58054.4336201	1.0008120053510203	0.0012105962569700056
58054.4371966	0.9980194135158811	0.0012105962569700056
58054.4407731	0.9978809753698276	0.0012105962569700056
58054.4443494	0.9990419284953078	0.0012105962569700056
58054.4479257	0.9988706981225303	0.0012105962569700056
58054.4855068	0.9994383053030425	0.0012105962569700056
58054.4890831	1.0004185171759328	0.0012105962569700056
58054.4926595	1.0002426208360307	0.0012105962569700056
58054.496236	1.0013560351309323	0.0012105962569700056
58054.4998123	0.9998263622890641	0.0012105962569700056
58054.5033886	1.000762417237192	0.0012105962569700056
58054.5069651	0.9975556161306728	0.0012105962569700056
58054.5105416	0.9972091245836145	0.0012105962569700056
58054.5141179	1.0012069033988067	0.0012105962569700056
58054.5517105	0.9992742413316492	0.0012105962569700056
58054.5552868	0.9976302725538433	0.0012105962569700056
58054.5588632	0.9990272062902303	0.0012105962569700056
58054.5624397	0.9995370379648819	0.0012105962569700056
58054.566016	0.9990215429133447	0.0012105962569700056
58054.5695923	0.9987840770070227	0.0012105962569700056
58054.5731688	1.000601842594551	0.0012105962569700056
58054.5767453	0.9984002758361658	0.0012105962569700056
58054.5803216	1.0001226795891018	0.0012105962569700056
58054.6179257	0.9995832883260829	0.0012105962569700056
58054.6215021	0.9991998090419408	0.0012105962569700056
58054.6250786	1.0001474607629417	0.0012105962569700056
58054.6286549	0.9985360547292719	0.0012105962569700056
58054.6322312	0.9990428314535293	0.0012105962569700056
58054.6358077	1.0010219359425454	0.0012105962569700056
58054.6393842	0.9996176723265695	0.0012105962569700056
58054.6429605	1.000368728436708	0.0012105962569700056
58054.6465368	0.9989687332026552	0.0012105962569700056
58054.6841179	0.9993825312248653	0.0012105962569700056
58054.6876942	0.9960797860669528	0.0012105962569700056
58054.6912707	0.9977330180206242	0.0012105962569700056
58054.6948471	0.9953268703720652	0.0012105962569700056
58054.6984234	0.9959582553003308	0.0012105962569700056
58054.7019997	0.9978335870511583	0.0012105962569700056
58054.7055762	0.9951355850104495	0.0012105962569700056
58054.7091527	0.9963799780435662	0.0012105962569700056
58054.712729	0.9959206044891604	0.0012105962569700056
58054.7503216	0.9955282848818191	0.0012105962569700056
58054.7538979	0.9970378892064189	0.0012105962569700056
58054.7574744	0.994133523143565	0.0012105962569700056
58054.7610508	0.9928977365292884	0.0012105962569700056
58054.7646271	0.9938045836022833	0.0012105962569700056
58054.7682034	0.9958812392982818	0.0012105962569700056
58054.7717799	0.99684282811496	0.0012105962569700056
58054.7753564	0.997118837517569	0.0012105962569700056
58054.7789327	0.9984066236123534	0.0012105962569700056
58054.8165368	0.9953556618552628	0.0012105962569700056
58054.8201132	0.9937571036235983	0.0012105962569700056
58054.8236897	0.9964043309169467	0.0012105962569700056
58054.827266	0.9958648671426653	0.0012105962569700056
58054.8308423	0.996671761948956	0.0012105962569700056
58054.8344188	0.9940062820923078	0.0012105962569700056
58054.8379953	0.9945900563567217	0.0012105962569700056
58054.8415716	0.9953770497322174	0.0012105962569700056
58054.8451479	0.9970984190347164	0.0012105962569700056
58054.8827405	0.9950391545538579	0.0012105962569700056
58054.8863169	0.9949425860100838	0.0012105962569700056
58054.8898934	0.9928053660138991	0.0012105962569700056
58054.8934697	0.9969588939512765	0.0012105962569700056
58054.897046	0.9972742304322155	0.0012105962569700056
58054.9006225	0.9941461460696691	0.0012105962569700056
58054.904199	0.9963487701632282	0.0012105962569700056
58054.9077753	0.9977450008202438	0.0012105962569700056
58054.9113516	0.9955898606008108	0.0012105962569700056
58054.9489442	0.99683898786575	0.0012105962569700056
58054.9525207	0.9948074960442042	0.0012105962569700056
58054.9560971	0.9952279468513028	0.0012105962569700056
58054.9596734	0.997352018121157	0.0012105962569700056
58054.9632497	0.9962883845975143	0.0012105962569700056
58054.9668262	0.9955268536428608	0.0012105962569700056
58054.9704027	0.995375658352891	0.0012105962569700056
58054.973979	0.9951916148322415	0.0012105962569700056
58054.9775553	0.9952410528698404	0.0012105962569700056
58055.0151479	0.9944813447251162	0.0012105962569700056
58055.0187244	0.9971548015078128	0.0012105962569700056
58055.0223008	0.9956988157932137	0.0012105962569700056
58055.0258771	0.9948915763463144	0.0012105962569700056
58055.0294534	0.9946639096988344	0.0012105962569700056
58055.0330299	0.9976548047294465	0.0012105962569700056
58055.0366064	0.995981150579999	0.0012105962569700056
58055.0401827	0.997789405464403	0.0012105962569700056
58055.0813516	0.9991681775982696	0.0012105962569700056
58055.0849281	0.9972702522875421	0.0012105962569700056
58055.0885045	0.996669688819009	0.0012105962569700056
58055.0920808	0.995360293647693	0.0012105962569700056
58055.0956571	0.995298645496089	0.0012105962569700056
58055.0992336	0.9960828975539889	0.0012105962569700056
58055.1028101	0.9984195102445701	0.0012105962569700056
58055.1063864	0.9948779438070935	0.0012105962569700056
58055.1475553	0.9972900052807541	0.0012105962569700056
58055.1511318	0.9965407720422174	0.0012105962569700056
58055.1547082	0.9986984200987997	0.0012105962569700056
58055.1582845	0.9971625239174783	0.0012105962569700056
58055.1618608	0.996070759805148	0.0012105962569700056
58055.1654373	0.9972670289628983	0.0012105962569700056
58055.1690138	0.9962140943501024	0.0012105962569700056
58055.1725901	0.9972031863100359	0.0012105962569700056
58055.2235275	0.9954875748936575	0.0012105962569700056
58055.227104	0.996341363158453	0.0012105962569700056
58055.2306805	0.9959867485273358	0.0012105962569700056
58055.2342568	0.9968078003231209	0.0012105962569700056
58055.2378331	0.995527738196795	0.0012105962569700056
58055.2414095	0.9956732805145935	0.0012105962569700056
58055.244986	0.996289729693941	0.0012105962569700056
58055.2799627	0.9984977749493852	0.0012105962569700056
58055.2835392	0.9966494394446921	0.0012105962569700056
58055.2871157	0.9961087768032232	0.0012105962569700056
58055.290692	0.9979413237290736	0.0012105962569700056
58055.2942682	0.9964448284894515	0.0012105962569700056
58055.2978447	0.9953666064673229	0.0012105962569700056
58055.3014212	0.9967135266468292	0.0012105962569700056
58055.3049975	0.9964274444524127	0.0012105962569700056
58055.308574	0.9964882435123292	0.0012105962569700056
58055.3461781	0.9955042342810146	0.0012105962569700056
58055.3497545	0.9988252583939062	0.0012105962569700056
58055.3533308	0.9979505757805344	0.0012105962569700056
58055.3569073	0.9978714073758757	0.0012105962569700056
58055.3604836	0.9946568079232745	0.0012105962569700056
58055.3640601	0.99674888586318	0.0012105962569700056
58055.3676364	0.995836739914938	0.0012105962569700056
58055.3712129	0.9951321866381871	0.0012105962569700056
58055.3747892	0.9959173927942199	0.0012105962569700056
58055.4123818	0.9970246842176363	0.0012105962569700056
58055.4159582	0.9986340811678703	0.0012105962569700056
58055.4195345	0.9980724553394527	0.0012105962569700056
58055.423111	0.997390171403195	0.0012105962569700056
58055.4266873	0.9982551819721593	0.0012105962569700056
58055.4302638	0.9994193715588251	0.0012105962569700056
58055.4338401	0.9980416993649872	0.0012105962569700056
58055.4374164	1.0012533331993456	0.0012105962569700056
58055.4409929	1.0022150917156498	0.0012105962569700056
58055.4785855	0.9984055663543898	0.0012105962569700056
58055.4821619	0.9999433016142509	0.0012105962569700056
58055.4857382	0.999712921672609	0.0012105962569700056
58055.4893145	1.0010062429750923	0.0012105962569700056
58055.492891	1.0016175844556099	0.0012105962569700056
58055.4964675	0.9998054147727193	0.0012105962569700056
58055.5000438	0.9989748993263012	0.0012105962569700056
58055.5036201	0.9997479308118598	0.0012105962569700056
58055.5071966	0.9986543113700012	0.0012105962569700056
58055.5447892	0.9973768861170225	0.0012105962569700056
58055.5483657	1.0005167168747353	0.0012105962569700056
58055.5519419	1.0011223407219696	0.0012105962569700056
58055.5555182	1.001076512407688	0.0012105962569700056
58055.5590947	1.0002364169911468	0.0012105962569700056
58055.5626712	0.997707015198949	0.0012105962569700056
58055.5662475	1.0007329769210502	0.0012105962569700056
58055.569824	1.0018267462668886	0.0012105962569700056
58055.5734003	0.9998358892203117	0.0012105962569700056
58055.6109927	1.0018637318402444	0.0012105962569700056
58055.6145694	1.0007889529974352	0.0012105962569700056
58055.6181457	0.9998632466394486	0.0012105962569700056
58055.6217219	1.0004654819712235	0.0012105962569700056
58055.6252982	1.001210423953448	0.0012105962569700056
58055.6288749	1.0014373794429676	0.0012105962569700056
58055.6324512	1.0004186172625413	0.0012105962569700056
58055.6360275	0.999681523038203	0.0012105962569700056
58055.6396038	0.9990771136875641	0.0012105962569700056
58055.6771964	1.0014697613328511	0.0012105962569700056
58055.6807731	0.9989204344414618	0.0012105962569700056
58055.6843494	1.0017714347317124	0.0012105962569700056
58055.6879257	0.9979312163729472	0.0012105962569700056
58055.691502	0.9989773820960222	0.0012105962569700056
58055.6950786	0.9995465508714864	0.0012105962569700056
58055.6986549	1.0003053726388438	0.0012105962569700056
58055.7022312	1.0020254477014756	0.0012105962569700056
58055.7058075	1.0005368803100292	0.0012105962569700056
58055.7434001	0.9983688175554305	0.0012105962569700056
58055.7469768	0.999068152521559	0.0012105962569700056
58055.7505531	1.0001958263939166	0.0012105962569700056
58055.7541294	0.9989769526114013	0.0012105962569700056
58055.7577057	0.9978841656177911	0.0012105962569700056
58055.7612823	0.999182931309253	0.0012105962569700056
58055.7648586	0.9973596517423468	0.0012105962569700056
58055.7684349	1.001048694514329	0.0012105962569700056
58055.7720112	1.000188883743816	0.0012105962569700056
58055.8096038	0.9994884864839471	0.0012105962569700056
58055.8131805	1.0012142107987498	0.0012105962569700056
58055.8167568	0.9993587064650291	0.0012105962569700056
58055.8203332	1.0012411477795649	0.0012105962569700056
58055.8239095	0.9988431871701128	0.0012105962569700056
58055.827486	1.0013973689213014	0.0012105962569700056
58055.8310623	1.0016927021266744	0.0012105962569700056
58055.8346386	0.9988916901505984	0.0012105962569700056
58055.8382151	1.0027997436075589	0.0012105962569700056
58055.8758194	0.9984909313310616	0.0012105962569700056
58055.8793957	1.0005868875962982	0.0012105962569700056
58055.8829719	1.0002314221863469	0.0012105962569700056
58055.8865482	0.9991684234027703	0.0012105962569700056
58055.8901249	1.0004641150306413	0.0012105962569700056
58055.8937012	1.0012211694256585	0.0012105962569700056
58055.8972775	1.0001367533605514	0.0012105962569700056
58055.9008538	0.9991526411851609	0.0012105962569700056
58055.9044305	0.9982941171323637	0.0012105962569700056
58055.9420231	0.9998157412300704	0.0012105962569700056
58055.9455994	1.003064223269043	0.0012105962569700056
58055.9491757	0.9998389245411073	0.0012105962569700056
58055.9527519	0.9971867070393666	0.0012105962569700056
58055.9563286	1.0024805589044774	0.0012105962569700056
58055.9599049	0.9992821246809784	0.0012105962569700056
58055.9634812	0.9976236730851138	0.0012105962569700056
58055.9670575	1.0010156668452537	0.0012105962569700056
58055.9706342	0.9994939459165658	0.0012105962569700056