58054.85338999983	0.9981359940659211	0.0006127760116690624
58054.85697000008	0.998144800678449	0.0006127760116690624
58054.86053999979	0.9981134797601446	0.0006127760116690624
58054.86412000004	0.9991113871790256	0.0006127760116690624
58054.86769999983	1.000122155265021	0.0006127760116690624
58054.87127	0.999542671206985	0.0006127760116690624
58054.87484999979	0.9997605513572819	0.0006127760116690624
58054.87843000004	0.9989663049578457	0.0006127760116690624
58054.882000000216	0.9997832424516078	0.0006127760116690624
58054.91960000014	0.9990593426088982	0.0006127760116690624
58054.923179999925	0.9989124271355168	0.0006127760116690624
58054.92676000018	0.9992951386518059	0.0006127760116690624
58054.93032999989	0.9995081090025271	0.0006127760116690624
58054.93391000014	0.9990672934893585	0.0006127760116690624
58054.937489999924	0.9988855326398519	0.0006127760116690624
58054.9410600001	0.9982231422520174	0.0006127760116690624
58054.944639999885	0.9993977875825852	0.0006127760116690624
58054.94821000006	0.9980320299052646	0.0006127760116690624
58054.98578999983	0.9997431187417882	0.0006127760116690624
58054.98937000008	1.0004332221145165	0.0006127760116690624
58054.99294999987	0.9995538678675009	0.0006127760116690624
58054.996520000044	0.999960080160955	0.0006127760116690624
58055.00009999983	0.999854824183161	0.0006127760116690624
58055.003670000006	0.9994999326783117	0.0006127760116690624
58055.00724999979	0.998840397043969	0.0006127760116690624
58055.01083000004	0.9988173647777662	0.0006127760116690624
58055.01440000022	0.9995140409102294	0.0006127760116690624
58055.051990000065	1.0005622331351762	0.0006127760116690624
58055.05556999985	0.9992172456677761	0.0006127760116690624
58055.0591500001	0.9991043073557606	0.0006127760116690624
58055.06271999981	1.0003096912262721	0.0006127760116690624
58055.066300000064	0.99958149451769	0.0006127760116690624
58055.069869999774	0.9999071821456387	0.0006127760116690624
58055.073450000025	1.000263908046571	0.0006127760116690624
58055.07702999981	0.9998615414671151	0.0006127760116690624
58055.08059999999	1.0001244787702763	0.0006127760116690624
58055.118209999986	1.0001804500558824	0.0006127760116690624
58055.12178000016	1.0005286129969173	0.0006127760116690624
58055.12535999995	0.9993036697465651	0.0006127760116690624
58055.12893000012	0.999278192012699	0.0006127760116690624
58055.13250999991	0.9983534736672003	0.0006127760116690624
58055.13609000016	0.9980240070941386	0.0006127760116690624
58055.13965999987	0.9996241016195253	0.0006127760116690624
58055.14324000012	0.9999831342808566	0.0006127760116690624
58055.14680999983	0.9990868229685634	0.0006127760116690624
58055.18439000007	0.9988923350540684	0.0006127760116690624
58055.18796999985	0.996776207261841	0.0006127760116690624
58055.191550000105	0.9968885333850909	0.0006127760116690624
58055.195119999815	0.9983551112155058	0.0006127760116690624
58055.198700000066	0.9954276991334255	0.0006127760116690624
58055.202269999776	0.9970866961521236	0.0006127760116690624
58055.20585000003	0.9968598214021136	0.0006127760116690624
58055.20942999981	0.9964529382002434	0.0006127760116690624
58055.21299999999	0.996421719323775	0.0006127760116690624
58055.250589999836	0.9945328970056672	0.0006127760116690624
58055.25417000009	0.9956218796840735	0.0006127760116690624
58055.25774999987	0.9956684358177528	0.0006127760116690624
58055.26132000005	0.996179364660137	0.0006127760116690624
58055.264899999835	0.9954040784013655	0.0006127760116690624
58055.268480000086	0.9953222572869183	0.0006127760116690624
58055.272049999796	0.9965857262638648	0.0006127760116690624
58055.27563000005	0.9957523073008321	0.0006127760116690624
58055.27920000022	0.9957374287839652	0.0006127760116690624
58055.31681000022	0.9960976990284681	0.0006127760116690624
58055.32037999993	0.9957419785911705	0.0006127760116690624
58055.32396000018	0.9959463890365391	0.0006127760116690624
58055.32752999989	0.995534366881554	0.0006127760116690624
58055.331110000145	0.9959431864168629	0.0006127760116690624
58055.33468999993	0.996809753020073	0.0006127760116690624
58055.338260000106	0.9961378509109995	0.0006127760116690624
58055.34183999989	0.9956918432814212	0.0006127760116690624
58055.34542000014	0.9955866731804888	0.0006127760116690624
58055.38300999999	0.995887384686962	0.0006127760116690624
58055.386580000166	0.995240787263301	0.0006127760116690624
58055.39015999995	0.9948991976987411	0.0006127760116690624
58055.3937400002	0.9963868510282387	0.0006127760116690624
58055.39730999991	0.9969380104012796	0.0006127760116690624
58055.400890000165	0.995201251772525	0.0006127760116690624
58055.404459999874	0.9952032052465063	0.0006127760116690624
58055.408040000126	0.9955197131954114	0.0006127760116690624
58055.41161999991	0.9967069151889407	0.0006127760116690624
58055.449210000224	0.9959870484101917	0.0006127760116690624
58055.452779999934	0.9958915694263558	0.0006127760116690624
58055.456360000186	0.9959081921436997	0.0006127760116690624
58055.45993999997	0.9958402026926961	0.0006127760116690624
58055.46351000015	0.9966106169324181	0.0006127760116690624
58055.46708999993	0.9961484215944085	0.0006127760116690624
58055.47066000011	0.9955896658014115	0.0006127760116690624
58055.474239999894	0.9948191529150415	0.0006127760116690624
58055.477820000146	0.9955918953086255	0.0006127760116690624
58055.51540999999	0.9964803070862204	0.0006127760116690624
58055.51898000017	0.9954826353577202	0.0006127760116690624
58055.522559999954	0.9955784749285704	0.0006127760116690624
58055.526140000205	0.9950361852571015	0.0006127760116690624
58055.529709999915	0.9960511351777328	0.0006127760116690624
58055.53329000017	0.9964833530226264	0.0006127760116690624
58055.53685999988	0.9969632092121372	0.0006127760116690624
58055.54044000013	0.995588951798732	0.0006127760116690624
58055.58161000023	0.9966985606200396	0.0006127760116690624
58055.58517999994	0.9960114275153377	0.0006127760116690624
58055.58876000019	0.9954335228597487	0.0006127760116690624
58055.592339999974	0.9962449506193078	0.0006127760116690624
58055.59591000015	0.9952336721962033	0.0006127760116690624
58055.599489999935	0.9963647013881717	0.0006127760116690624
58055.60307000019	0.9967447136251044	0.0006127760116690624
58055.606639999896	0.9967061075646685	0.0006127760116690624
58055.647809999995	0.9957681593366118	0.0006127760116690624
58055.65138000017	0.9969574365243646	0.0006127760116690624
58055.654959999956	0.997268803446133	0.0006127760116690624
58055.65854000021	0.9962248684295737	0.0006127760116690624
58055.66210999992	0.9955469107129472	0.0006127760116690624
58055.66569000017	0.997071832153857	0.0006127760116690624
58055.669269999955	0.9955667554756332	0.0006127760116690624
58055.67284000013	0.99600233749703	0.0006127760116690624
58055.72378000012	0.9950962705223105	0.0006127760116690624
58055.72734999983	0.9954447302392738	0.0006127760116690624
58055.73093000008	0.995225205333496	0.0006127760116690624
58055.734509999864	0.9956207140529496	0.0006127760116690624
58055.73808000004	0.9970220446640311	0.0006127760116690624
58055.741659999825	0.9963800015160591	0.0006127760116690624
58055.74523	0.9970629268721684	0.0006127760116690624
58055.78021	0.9952976147086124	0.0006127760116690624
58055.78378999978	0.9968805298718905	0.0006127760116690624
58055.78735999996	0.995652796100618	0.0006127760116690624
58055.79094000021	0.9962265006878792	0.0006127760116690624
58055.79450999992	0.9956262493179602	0.0006127760116690624
58055.79809000017	0.9951873373177463	0.0006127760116690624
58055.80166999996	0.99652080035994	0.0006127760116690624
58055.80524000013	0.9957208637729348	0.0006127760116690624
58055.80881999992	0.9960917524997789	0.0006127760116690624
58055.84641999984	0.9967030921871336	0.0006127760116690624
58055.85000000009	0.9972118617730561	0.0006127760116690624
58055.8535699998	0.9966520446486764	0.0006127760116690624
58055.857150000054	0.996635947146038	0.0006127760116690624
58055.86072999984	0.9970464895608925	0.0006127760116690624
58055.864300000016	0.9967118256836861	0.0006127760116690624
58055.8678799998	0.9966355356344725	0.0006127760116690624
58055.87144999998	0.9964122829546864	0.0006127760116690624
58055.87503000023	0.9966565910972837	0.0006127760116690624
58055.912620000076	0.9975721606984117	0.0006127760116690624
58055.91619999986	0.997811108394888	0.0006127760116690624
58055.91977000004	0.9973427471634447	0.0006127760116690624
58055.92334999982	0.9986000286321067	0.0006127760116690624
58055.926930000074	0.9981603904701188	0.0006127760116690624
58055.930499999784	0.999801506566129	0.0006127760116690624
58055.934080000035	1.0000345080877742	0.0006127760116690624
58055.93765000021	0.9993423215407968	0.0006127760116690624
58055.94123	1.0012358590448425	0.0006127760116690624
58055.978819999844	0.9989935228170189	0.0006127760116690624
58055.982400000095	0.9998957077062297	0.0006127760116690624
58055.985969999805	1.0003801406068302	0.0006127760116690624
58055.98955000006	1.0004841776227233	0.0006127760116690624
58055.99312999984	1.0004610834778842	0.0006127760116690624
58055.99670000002	0.9995608341868941	0.0006127760116690624
58056.000279999804	1.0006264751640535	0.0006127760116690624
58056.003860000055	0.9993510692742658	0.0006127760116690624
58056.00743000023	1.0008063559451978	0.0006127760116690624
58056.04502000008	1.0004343572592518	0.0006127760116690624
58056.048599999864	1.000247503230629	0.0006127760116690624
58056.05217000004	1.0003399255860044	0.0006127760116690624
58056.055749999825	1.0009697951681544	0.0006127760116690624
58056.05933000008	1.0009318641358254	0.0006127760116690624
58056.062899999786	0.9999494728321532	0.0006127760116690624
58056.06648000004	1.0002968468499973	0.0006127760116690624
58056.07005999982	1.0012484135055844	0.0006127760116690624
58056.07363	0.9993536710563773	0.0006127760116690624
58056.111219999846	1.0007873614808835	0.0006127760116690624
58056.1148000001	1.0019977685140524	0.0006127760116690624
58056.11836999981	1.0008415905809507	0.0006127760116690624
58056.12195000006	1.0001692413614054	0.0006127760116690624
58056.125529999845	0.9988619674871901	0.0006127760116690624
58056.12910000002	0.9996841750333011	0.0006127760116690624
58056.132679999806	1.0002756918642535	0.0006127760116690624
58056.13626000006	0.9986851068893019	0.0006127760116690624
58056.13982999977	0.9996956876994056	0.0006127760116690624
58056.17742000008	1.0006840797292373	0.0006127760116690624
58056.180999999866	0.9999195925044838	0.0006127760116690624
58056.18458000012	1.0008730344663022	0.0006127760116690624
58056.18814999983	0.9994736388577437	0.0006127760116690624
58056.19173000008	0.9992443568884879	0.0006127760116690624
58056.19529999979	0.9997976971037889	0.0006127760116690624
58056.19888000004	0.9998761157540378	0.0006127760116690624
58056.202459999826	1.0001840447354338	0.0006127760116690624
58056.20603	0.9996322078139003	0.0006127760116690624
58056.24361999985	0.9988438305144975	0.0006127760116690624
58056.2472000001	0.9991350903267716	0.0006127760116690624
58056.250779999886	0.9997517658869965	0.0006127760116690624
58056.25435000006	1.0002494352182683	0.0006127760116690624
58056.25792999985	0.9993603401957182	0.0006127760116690624
58056.26150000002	1.0000380419447283	0.0006127760116690624
58056.26507999981	0.9991076286619427	0.0006127760116690624
58056.26866000006	1.0009636024709845	0.0006127760116690624
58056.27222999977	1.001237758055807	0.0006127760116690624
58056.30982000008	0.9996420590798402	0.0006127760116690624
58056.31339999987	0.9989057020162517	0.0006127760116690624
58056.31698000012	0.9998241820891689	0.0006127760116690624
58056.32054999983	0.9995837965143748	0.0006127760116690624
58056.32413000008	1.0000636553564248	0.0006127760116690624
58056.32769999979	0.999967647709676	0.0006127760116690624
58056.33128000004	0.9995736696623402	0.0006127760116690624
58056.33485999983	1.0006438226520347	0.0006127760116690624
58056.33843	0.9991796751339358	0.0006127760116690624
58056.37604	1.00013760559477	0.0006127760116690624
58056.37961000018	0.9994544672322625	0.0006127760116690624
58056.383189999964	1.0005150213448488	0.0006127760116690624
58056.38676000014	1.0000075773707306	0.0006127760116690624
58056.390339999925	0.9999924226292694	0.0006127760116690624
58056.39392000018	1.0006140534049706	0.0006127760116690624
58056.39748999989	0.9995444044691848	0.0006127760116690624
58056.40107000014	0.9995180036045647	0.0006127760116690624
58056.404649999924	0.9989636632076714	0.0006127760116690624
58056.44223999977	1.0001350419398147	0.0006127760116690624
58056.44580999995	0.9996437284675509	0.0006127760116690624
58056.4493900002	1.0003776114017002	0.0006127760116690624
58056.45295999991	0.9992166882678456	0.0006127760116690624
58056.45654000016	1.0004696183083202	0.0006127760116690624
58056.460119999945	1.0001174049504316	0.0006127760116690624
58056.46369000012	0.9997829241287868	0.0006127760116690624
58056.46726999991	1.00073949648235	0.0006127760116690624
58056.47085000016	1.0008178038688282	0.0006127760116690624